KIR3DL3	KIR2DS2	KIR2DL2	KIR2DL3	KIR2DP1	KIR2DL1	KIR3DP1	KIR2DL4	KIR3DL1	KIR3DS1	KIR2DL5	KIR2DS3	KIR2DS5	KIR2DS4	KIR2DS1	KIR3DL2
1	1	0	0	1	1	1	1	1	1	0	0	0	0	1	0	1
3	1	0	0	1	1	1	1	1	0	1	1	0	1	0	1	1
4	1	1	1	0	0	0	1	1	1	0	0	0	0	1	0	1
6	1	1	1	0	1	1	1	1	1	0	1	1	0	1	0	1
7/24	1	1	1	0	1	1	1	1	0	1	2	1	1	0	1	1
8/19	1	1	1	0	0	0	1	1	0	1	1	0	1	0	1	1
9	1	1	1	0	1	1	1	1	0	1	2	2	0	0	1	1
11	1	0	0	1	1	1	1	1	0	1	1	1	0	0	1	1
12	1	1	1	0	0	0	0	0	0	0	1	0	1	0	1	1
13	1	1	1	0	1	1	2	2	1	1	1	1	0	1	0	1
14	1	0	0	1	2	2	2	2	0	2	2	1	1	0	1	1
15	1	1	0	0	1	1	1	1	0	1	1	0	1	0	1	1
16	1	0	0	1	1	1	2	2	1	1	0	0	0	1	0	1
17	1	1	1	0	0	0	1	1	0	1	1	1	0	0	1	1
18	1	1	1	0	0	0	0	0	0	0	1	1	0	0	1	1
21	1	1	0	0	1	1	1	1	1	0	0	0	0	1	0	1
22	1	0	0	1	1	0	0	0	0	0	0	0	0	0	1	0
23	1	0	0	1	2	2	2	2	1	1	1	1	0	1	0	1
