ID	KIR3DL3	KIR2DS2	KIR2DL2	KIR2DL3	KIR2DP1	KIR2DL1	KIR3DP1	KIR2DL4	KIR3DL1	KIR3DS1	KIR2DL5	KIR2DS3	KIR2DS5	KIR2DS4	KIR2DS1	KIR3DL2
P001	1	1	1	1	1	1	1	1	1	0	0	0	0	1	0	1
P002	1	1	1	1	1	1	1	1	1	0	1	1	0	1	0	1
P003	1	0	0	1	1	1	1	1	1	0	0	0	0	1	0	1
P004	1	0	0	1	1	1	1	1	1	0	0	0	0	1	0	1
P005	1	1	1	1	1	1	1	1	1	1	1	1	1	1	1	1
P006	1	1	1	0	0	0	1	1	1	1	1	0	1	1	1	1
P007	1	0	0	1	1	1	1	1	1	0	0	0	0	1	0	1
P008	1	1	1	1	1	1	1	1	1	1	1	1	0	1	1	1
P009	1	1	1	1	1	1	1	1	1	0	0	0	0	1	0	1
P010	1	1	1	1	1	1	1	1	1	0	1	1	0	1	0	1
P011	1	1	1	1	1	1	1	1	1	0	0	0	0	1	0	1
P012	NA	NA	NA	NA	NA	NA	NA	NA	NA	NA	NA	NA	NA	NA	NA	NA
P013	1	0	0	1	1	1	1	1	1	1	1	0	1	1	1	1
P014	1	0	0	1	1	1	1	1	1	0	0	0	0	1	0	1
P015	1	0	0	1	1	1	1	1	1	0	0	0	0	1	0	1
P016	1	0	0	1	1	1	1	1	1	1	1	0	1	1	1	1
P017	1	0	0	1	1	1	1	1	1	0	0	0	0	1	0	1
P018	NA	NA	NA	NA	NA	NA	NA	NA	NA	NA	NA	NA	NA	NA	NA	NA
P019	1	0	0	1	1	1	1	1	1	0	0	0	0	1	0	1
P020	1	1	1	1	1	1	1	1	1	1	1	1	1	1	1	1
P021	1	0	0	1	1	1	1	1	1	0	0	0	0	1	0	1
P022	1	0	0	1	1	1	1	1	1	0	0	0	0	1	0	1
P023	1	1	1	1	1	1	1	1	1	0	1	1	0	1	1	1
P024	1	0	0	1	1	1	1	1	1	0	0	0	0	1	0	1
P025	1	0	0	1	1	1	1	1	1	0	0	0	0	1	0	1
P026	1	1	1	0	1	1	1	1	1	0	1	1	0	1	0	1
P027	1	1	1	1	1	1	1	1	1	0	1	1	0	1	0	1
P028	1	1	1	0	1	1	1	1	1	0	1	1	0	1	0	1
P029	1	0	0	1	1	1	1	1	1	0	0	0	0	1	0	1
P030	1	0	0	1	1	1	1	1	1	0	0	0	0	1	0	1
P031	1	1	1	0	0	0	1	1	1	0	1	0	1	1	1	1
P032	1	1	1	1	1	1	1	1	0	1	1	1	1	0	1	1
P033	1	1	1	1	1	1	1	1	1	1	1	1	1	1	1	1
P034	1	1	1	0	1	1	1	1	1	0	1	1	0	1	0	1
P035	1	0	0	1	1	1	1	1	1	1	1	0	1	1	1	1
P036	1	1	1	0	1	1	1	1	0	1	1	1	1	0	1	1
P037	1	1	1	1	1	1	1	1	1	0	0	0	0	1	0	1
P038	1	0	0	1	1	1	1	1	1	0	0	0	0	1	0	1
P039	1	0	0	1	1	1	1	1	1	0	0	0	0	1	0	1
P040	1	0	0	1	1	1	1	1	1	1	1	0	1	1	1	1
P041	NA	NA	NA	NA	NA	NA	NA	NA	NA	NA	NA	NA	NA	NA	NA	NA
P042	1	1	1	0	1	1	1	1	1	0	1	1	0	1	0	1
P043	1	0	0	1	1	1	1	1	1	0	0	0	0	1	0	1
P044	1	0	0	1	1	1	1	1	1	0	0	0	0	1	0	1
P045	1	1	1	1	1	1	1	1	1	1	1	1	1	1	1	1
P046	1	0	0	1	1	1	1	1	1	0	0	0	0	1	0	1
P047	1	0	0	1	1	1	1	1	1	0	0	0	0	1	0	1
P048	1	1	1	1	1	1	1	1	1	1	1	1	0	1	1	1
P049	1	0	0	1	1	1	1	1	1	0	0	0	0	1	0	1
P050	1	0	0	1	1	1	1	1	1	1	1	0	1	1	1	1
P051	1	0	0	1	1	1	1	1	1	1	1	0	1	1	1	1
P052	1	0	0	1	1	1	1	1	1	0	0	0	0	1	0	1
P053	1	0	0	1	1	1	1	1	1	0	0	0	0	1	0	1
P054	1	1	1	1	1	1	1	1	1	0	1	1	0	1	0	1
P055	1	1	1	1	1	1	1	1	0	1	1	0	1	0	1	1
P056	1	0	0	1	1	1	1	1	1	0	0	0	0	1	0	1
P057	1	1	1	1	1	1	1	1	1	1	1	1	0	1	1	1
P058	NA	NA	NA	NA	NA	NA	NA	NA	NA	NA	NA	NA	NA	NA	NA	NA
P059	1	1	1	1	1	1	1	1	1	1	1	1	0	1	1	1
P060	1	1	1	1	1	1	1	1	1	0	0	0	0	1	0	1
P061	1	1	1	1	1	1	1	1	1	1	1	0	1	1	1	1
P062	NA	NA	NA	NA	NA	NA	NA	NA	NA	NA	NA	NA	NA	NA	NA	NA
P063	1	1	1	1	1	1	1	1	1	0	0	0	0	1	0	1
P064	1	1	1	0	1	1	1	1	1	1	1	1	0	1	1	1
P065	1	1	1	1	1	1	1	1	1	1	1	0	1	1	1	1
P066	1	1	1	1	1	1	1	1	1	0	0	0	0	1	0	1
P067	1	1	1	0	0	0	1	1	1	0	0	0	0	1	0	1
P068	1	0	0	1	1	1	1	1	1	1	1	0	1	1	1	1
P069	1	1	1	1	1	1	1	1	1	0	0	0	0	1	0	1
P070	1	0	0	1	1	1	1	1	1	0	0	0	0	1	0	1
P071	1	1	1	0	1	1	1	1	1	1	1	1	1	1	1	1
P072	1	1	1	1	1	1	1	1	1	0	0	0	0	1	0	1
P073	1	0	0	1	1	1	1	1	1	0	0	0	0	1	0	1
P074	1	1	1	1	1	1	1	1	1	0	0	0	0	1	0	1
P075	1	0	0	1	1	1	1	1	1	0	0	0	0	1	0	1
P076	1	1	1	1	1	1	1	1	1	1	1	1	1	1	1	1
P077	1	1	1	1	1	1	1	1	1	1	1	0	1	1	1	1
P078	1	0	0	1	1	1	1	1	1	1	1	1	0	1	1	1
P079	1	0	0	1	1	1	1	1	1	0	0	0	0	1	0	1
P080	NA	NA	NA	NA	NA	NA	NA	NA	NA	NA	NA	NA	NA	NA	NA	NA
P081	1	1	1	1	1	1	1	1	1	0	0	0	0	1	0	1
P082	1	1	1	1	1	1	1	1	1	1	1	1	1	1	1	1
P083	1	1	1	1	1	1	1	1	1	0	0	0	0	1	0	1
P084	1	1	1	1	1	1	1	1	1	1	1	1	1	1	1	1
P085	NA	NA	NA	NA	NA	NA	NA	NA	NA	NA	NA	NA	NA	NA	NA	NA
P086	1	1	1	1	1	1	1	1	0	1	1	1	1	0	1	1
P087	1	1	1	1	1	1	1	1	1	1	1	1	1	1	1	1
P088	1	0	0	1	1	1	1	1	1	0	0	0	0	1	0	1
P089	1	0	0	1	1	1	1	1	1	0	0	0	0	1	0	1
P090	1	1	1	1	1	1	1	1	1	0	0	0	0	1	0	1
P091	1	1	1	1	1	1	1	1	1	0	0	0	0	1	0	1
P092	1	0	0	1	1	1	1	1	1	1	1	0	1	1	1	1
P093	1	0	0	1	1	1	1	1	1	0	0	0	0	1	0	1
P094	1	0	0	1	1	1	1	1	1	0	0	0	0	1	0	1
P095	1	0	0	1	1	1	1	1	1	1	1	1	0	1	0	1
P096	1	0	0	1	1	1	1	1	1	0	0	0	0	1	0	1
P097	1	0	0	1	1	1	1	1	1	0	0	0	0	1	0	1
P098	1	0	0	1	1	1	1	1	1	0	0	0	0	1	0	1
P099	1	1	1	1	1	1	1	1	1	1	1	1	0	1	1	1
P100	1	1	1	1	1	1	1	1	1	0	0	0	0	1	0	1
P101	1	1	1	1	1	1	1	1	1	0	1	1	0	1	0	1
P102	1	0	0	1	1	1	1	1	1	1	1	0	1	1	1	1
P103	1	1	1	1	1	0	1	1	0	1	1	0	1	0	1	1
P104	1	1	1	1	1	1	1	1	1	0	0	0	0	1	0	1
P105	1	0	0	1	1	1	1	1	1	0	0	0	0	1	0	1
P106	1	0	0	1	1	1	1	1	1	1	1	0	1	1	1	1
P107	1	1	1	1	1	1	1	1	1	1	1	1	0	1	1	1
P108	1	0	0	1	1	1	1	1	1	0	0	0	0	1	0	1
P109	1	1	1	1	1	1	1	1	0	1	1	1	1	0	1	1
P110	1	0	0	1	1	1	1	1	1	1	1	0	1	1	1	1
P111	1	1	1	1	1	1	1	1	1	0	0	0	0	1	0	1
P112	1	1	1	1	1	0	1	1	1	0	0	0	0	1	1	1
P113	1	0	0	1	1	1	1	1	1	0	0	0	0	1	0	1
P114	1	0	0	1	1	1	1	1	1	1	1	1	1	1	1	1
P115	1	0	0	1	1	1	1	1	1	0	0	0	0	1	0	1
P116	NA	NA	NA	NA	NA	NA	NA	NA	NA	NA	NA	NA	NA	NA	NA	NA
P117	1	1	1	1	1	1	1	1	1	1	1	1	1	1	1	1
P118	1	1	1	1	1	1	1	1	1	0	1	1	0	1	0	1
P119	1	1	1	1	1	1	1	1	1	0	0	0	0	1	0	1
P120	1	0	0	1	1	1	1	1	1	1	1	0	1	1	1	1
P121	1	1	1	1	1	1	1	1	1	1	1	0	1	1	1	1
P122	1	0	0	1	1	1	1	1	1	0	0	0	0	1	0	1
P123	1	1	1	1	1	1	1	1	1	0	0	0	0	1	0	1
P124	1	1	1	1	1	1	1	1	1	0	1	1	0	1	0	1
P125	1	0	0	1	1	1	1	1	1	0	0	0	0	1	0	1
P126	1	0	0	1	1	1	1	1	1	1	1	0	1	1	1	1
P127	1	0	0	1	1	1	1	1	1	1	1	0	1	1	1	1
P128	1	0	0	1	1	1	1	1	1	0	0	0	0	1	0	1
P129	1	1	1	0	0	0	1	1	1	1	1	0	1	1	1	1
P130	1	1	1	1	1	1	1	1	1	0	1	1	0	1	0	1
P131	1	1	1	1	1	1	1	1	1	0	1	1	0	1	0	1
P132	1	0	0	1	1	1	1	1	1	1	1	1	0	1	1	1
P133	1	0	0	1	1	1	1	1	0	1	1	0	1	0	1	1
P134	1	0	0	1	1	1	1	1	1	0	0	0	0	1	0	1
P135	1	0	0	1	1	1	1	1	1	0	0	0	0	1	0	1
P136	NA	NA	NA	NA	NA	NA	NA	NA	NA	NA	NA	NA	NA	NA	NA	NA
P137	1	0	0	1	1	1	1	1	1	1	1	0	1	1	1	1
P138	1	1	1	1	1	1	1	1	0	1	1	0	1	0	1	1
P139	1	1	1	1	1	1	1	1	1	0	1	1	0	1	0	1
P140	1	0	0	1	1	1	1	1	1	0	0	0	0	1	0	1
P141	1	1	1	1	1	1	1	1	1	0	1	1	0	1	0	1
P142	1	1	1	1	1	1	1	1	1	0	1	1	0	1	0	1
P143	1	1	1	1	1	1	1	1	1	1	1	0	1	1	1	1
P144	1	0	0	1	1	1	1	1	1	0	0	0	0	1	0	1
P145	1	0	0	1	1	1	1	1	1	0	0	0	0	1	0	1
P146	1	0	0	1	1	1	1	1	1	0	0	0	0	1	0	1
P147	1	1	1	1	1	1	1	1	1	0	0	0	0	1	0	1
P148	1	1	1	1	1	1	1	1	1	0	0	0	0	1	0	1
P149	1	0	0	1	1	1	1	1	1	0	0	0	0	1	0	1
P150	1	0	0	1	1	1	1	1	1	1	1	0	1	1	1	1
P151	1	0	0	1	1	1	1	1	1	0	0	0	0	1	0	1
P152	1	1	1	0	1	1	1	1	1	1	1	1	0	1	1	1
P153	1	0	0	1	1	1	1	1	1	0	0	0	0	1	0	1
P154	1	1	1	1	1	1	1	1	1	0	1	1	0	1	0	1
P155	1	0	0	1	1	1	1	1	1	0	0	0	0	1	0	1
P156	1	0	0	1	1	1	1	1	1	0	0	0	0	1	0	1
P157	1	0	0	1	1	1	1	1	1	0	0	0	0	1	0	1
P158	1	1	1	1	1	1	1	1	1	0	0	0	0	1	0	1
P159	1	0	0	1	1	1	1	1	1	1	1	0	1	1	1	1
P160	1	1	1	1	1	1	1	1	1	0	1	1	0	1	0	1
P161	1	0	0	1	1	1	1	1	1	0	0	0	0	1	0	1
P162	1	0	0	1	1	1	1	1	1	0	0	0	0	1	0	1
P163	1	0	0	1	1	1	1	1	1	0	0	0	0	1	0	1
P164	1	1	1	0	1	1	1	1	1	1	1	1	0	1	1	1
P165	1	0	0	1	1	1	1	1	1	0	0	0	0	1	0	1
P166	1	1	1	1	1	1	1	1	1	1	1	1	0	1	1	1
P167	1	1	1	1	1	1	1	1	1	1	1	1	1	1	1	1
P168	1	1	1	1	1	1	1	1	1	1	1	1	1	1	1	1
P169	1	1	1	1	1	1	1	1	1	1	1	1	0	1	1	1
P170	1	0	0	1	1	1	1	1	1	1	1	0	1	1	1	1
P171	1	1	1	1	1	1	1	1	1	0	0	0	0	1	0	1
P172	1	0	0	1	1	1	1	1	1	0	0	0	0	1	0	1
P173	NA	NA	NA	NA	NA	NA	NA	NA	NA	NA	NA	NA	NA	NA	NA	NA
P174	1	0	0	1	1	1	1	1	1	0	0	0	0	1	0	1
P175	1	1	1	1	1	1	1	1	1	1	1	0	1	1	1	1
P176	1	1	1	1	1	1	1	1	1	0	1	1	0	1	0	1
P177	1	0	0	1	1	1	1	1	1	0	0	0	0	1	0	1
P178	NA	NA	NA	NA	NA	NA	NA	NA	NA	NA	NA	NA	NA	NA	NA	NA
P179	1	1	1	1	1	1	1	1	1	0	1	1	0	1	0	1
P180	1	1	1	1	1	1	1	1	1	0	1	1	0	1	0	1
P181	1	1	1	1	1	1	1	1	1	1	1	1	0	1	1	1
P182	1	0	0	1	1	1	1	1	1	0	0	0	0	1	0	1
P183	1	1	1	1	1	1	1	1	1	0	1	1	0	1	0	1
P184	1	0	0	1	1	1	1	1	1	0	0	0	0	1	0	1
P185	1	1	1	1	1	1	1	1	1	0	0	0	0	1	0	1
P186	1	0	0	1	1	1	1	1	1	1	1	0	1	1	1	1
P187	1	0	0	1	1	1	1	1	1	0	0	0	0	1	0	1
P188	1	1	1	1	1	1	1	1	1	0	0	0	0	1	0	1
P189	1	0	0	1	1	1	1	1	0	1	1	1	1	0	1	1
P190	NA	NA	NA	NA	NA	NA	NA	NA	NA	NA	NA	NA	NA	NA	NA	NA
P191	NA	NA	NA	NA	NA	NA	NA	NA	NA	NA	NA	NA	NA	NA	NA	NA
P192	1	0	0	1	1	1	1	1	1	0	0	0	0	1	0	1
P193	1	1	1	0	1	1	1	1	1	1	1	1	1	1	1	1
P194	1	1	1	1	1	1	1	1	1	0	0	0	0	1	0	1
P195	1	0	0	1	1	1	1	1	1	0	0	0	0	1	0	1
P196	1	1	1	0	1	1	1	1	1	0	1	1	0	1	0	1
P197	1	1	1	0	0	0	1	1	1	1	1	0	1	1	1	1
P198	1	0	0	1	1	1	1	1	1	0	0	0	0	1	0	1
P199	1	1	1	0	1	1	1	1	1	0	1	1	0	1	0	1
P200	1	0	0	1	1	1	1	1	1	0	0	0	0	1	0	1
P201	1	0	0	1	1	1	1	1	1	0	0	0	0	1	0	1
P202	1	1	1	1	1	1	1	1	1	1	1	0	1	1	1	1
P203	1	1	1	0	1	1	1	1	1	1	1	1	0	1	0	1
P204	1	1	1	0	1	1	1	1	1	0	1	1	0	1	0	1
P205	1	1	1	0	1	1	1	1	1	1	1	1	0	1	0	1
P206	1	1	1	0	1	1	1	1	1	1	1	1	0	1	1	1
P207	1	0	0	1	1	1	1	1	1	1	1	0	1	1	1	1
P208	1	1	1	1	1	1	1	1	1	0	0	0	0	1	0	1
P209	1	1	1	1	1	1	1	1	1	0	1	1	0	1	0	1
P210	1	1	1	1	1	1	1	1	1	0	0	0	0	1	0	1
P211	1	1	1	0	1	1	1	1	1	0	1	1	0	1	0	1
P212	1	1	1	1	1	1	1	1	1	0	0	0	0	1	0	1
P213	1	0	0	1	1	1	1	1	1	1	1	0	1	1	1	1
P214	1	0	0	1	1	1	1	1	1	0	0	0	0	1	0	1
P215	1	0	0	1	1	1	1	1	1	0	0	0	0	1	0	1
P216	1	1	1	1	1	1	1	1	1	1	1	1	0	1	1	1
P217	1	0	0	1	1	1	1	1	1	0	0	0	0	1	0	1
P218	1	0	0	1	1	1	1	1	1	1	1	0	1	1	1	1
P219	1	1	1	1	1	1	1	1	1	0	1	1	0	1	0	1
P220	1	0	0	1	1	1	1	1	1	1	1	0	1	1	1	1
P221	NA	NA	NA	NA	NA	NA	NA	NA	NA	NA	NA	NA	NA	NA	NA	NA
P222	1	1	1	1	1	1	1	1	1	0	0	0	0	1	0	1
P223	1	0	0	1	1	1	1	1	1	0	0	0	0	1	0	1
P224	1	1	1	1	1	1	1	1	1	1	1	1	0	1	0	1
P225	1	1	1	0	1	1	1	1	1	0	1	1	0	1	0	1
P226	1	0	0	1	1	1	1	1	1	0	0	0	0	1	0	1
P227	1	1	1	1	1	1	1	1	1	0	1	0	1	1	1	1
P228	1	0	0	1	1	1	1	1	1	0	0	0	0	1	0	1
P229	1	0	0	1	1	1	1	1	1	0	0	0	0	1	0	1
P230	1	0	0	1	1	1	1	1	1	0	0	0	0	1	0	1
P231	1	1	1	1	1	1	1	1	0	1	1	0	1	0	1	1
P232	1	1	1	1	1	1	1	1	1	0	0	0	0	1	0	1
P233	1	0	0	1	1	1	1	1	1	0	0	0	0	1	0	1
P234	1	1	1	1	1	1	1	1	1	0	0	0	0	1	0	1
P235	1	0	0	1	1	1	1	1	1	0	0	0	0	1	0	1
P236	1	0	0	1	1	1	1	1	1	0	0	0	0	1	0	1
P237	NA	NA	NA	NA	NA	NA	NA	NA	NA	NA	NA	NA	NA	NA	NA	NA
P238	1	1	1	1	1	1	1	1	1	0	1	1	0	1	0	1
P239	1	0	0	1	1	1	1	1	1	1	1	0	1	1	1	1
P240	1	1	1	1	1	1	1	1	1	1	1	0	1	1	1	1
P241	1	0	0	1	1	1	1	1	1	0	0	0	0	1	0	1
P242	1	0	0	1	1	1	1	1	1	0	0	0	0	1	0	1
P243	1	0	0	1	1	1	1	1	1	0	0	0	0	1	0	1
P244	1	1	1	1	1	1	1	1	1	0	0	0	0	1	0	1
P245	1	0	0	1	1	1	1	1	1	0	0	0	0	1	0	1
P246	1	1	1	1	1	1	1	1	1	1	1	1	0	1	1	1
P247	NA	NA	NA	NA	NA	NA	NA	NA	NA	NA	NA	NA	NA	NA	NA	NA
P248	1	0	0	1	1	1	1	1	1	0	0	0	0	1	0	1
P249	1	1	1	0	1	1	1	1	1	1	1	1	0	1	1	1
P250	1	1	1	1	1	1	1	1	1	1	1	1	1	1	1	1
P251	1	0	0	1	1	1	1	1	1	1	1	1	0	1	0	1
P252	1	0	0	1	1	1	1	1	1	0	0	0	0	1	0	1
P253	1	1	1	1	1	1	1	1	0	1	1	1	1	0	1	1
P254	1	0	0	1	1	1	1	1	1	0	0	0	0	1	0	1
P255	1	0	0	1	1	1	1	1	1	0	0	0	0	1	0	1
P256	1	1	1	0	1	1	1	1	1	1	1	1	0	1	0	1
P257	1	1	1	1	1	1	1	1	1	1	1	1	1	1	1	1
P258	1	1	1	1	1	1	1	1	1	1	1	1	0	1	1	1
P259	1	1	1	1	1	1	1	1	1	1	1	0	1	1	1	1
P260	1	0	0	1	1	1	1	1	1	0	0	0	0	1	0	1
P261	1	0	0	1	1	1	1	1	1	0	0	0	0	1	0	1
P262	1	1	1	1	1	1	1	1	0	1	1	1	1	0	1	1
P263	1	0	0	1	1	1	1	1	1	0	0	0	0	1	0	1
P264	1	1	1	0	1	1	1	1	1	1	1	1	1	1	1	1
P265	NA	NA	NA	NA	NA	NA	NA	NA	NA	NA	NA	NA	NA	NA	NA	NA
P266	1	1	1	1	1	1	1	1	0	1	1	1	1	0	1	1
P267	1	1	1	0	1	1	1	1	1	0	1	1	0	1	0	1
P268	1	1	1	1	1	1	1	1	1	1	1	1	0	1	1	1
P269	1	1	1	1	1	1	1	1	1	1	1	1	0	1	1	1
P270	1	0	0	1	1	1	1	1	1	0	0	0	0	1	0	1
P271	1	1	1	0	1	1	1	1	1	0	1	1	0	1	0	1
P272	1	1	1	1	1	1	1	1	1	1	1	1	0	1	1	1
P273	NA	NA	NA	NA	NA	NA	NA	NA	NA	NA	NA	NA	NA	NA	NA	NA
P274	NA	NA	NA	NA	NA	NA	NA	NA	NA	NA	NA	NA	NA	NA	NA	NA
P275	1	1	1	1	1	1	1	1	1	1	1	1	0	1	1	1
P276	1	0	0	1	1	1	1	1	1	1	1	0	1	1	1	1
P277	1	1	1	1	1	1	1	1	1	1	1	1	0	1	1	1
P278	1	1	1	0	1	1	1	1	1	0	1	1	0	1	0	1
P279	1	1	1	1	1	1	1	1	1	1	1	1	0	1	0	1
P280	1	1	1	1	1	1	1	1	1	0	1	1	0	1	0	1
P281	1	1	1	1	1	1	1	1	1	0	0	0	0	1	0	1
P282	1	1	1	1	1	1	1	1	1	1	1	1	1	1	1	1
P283	1	1	1	0	1	1	1	1	1	0	1	1	0	1	0	1
P284	NA	NA	NA	NA	NA	NA	NA	NA	NA	NA	NA	NA	NA	NA	NA	NA
P285	1	1	1	1	1	0	1	1	1	0	0	0	0	1	1	1
P286	1	0	0	1	1	1	1	1	1	1	1	0	1	1	1	1
P287	1	0	0	1	1	1	1	1	1	1	1	0	1	1	1	1
P288	1	0	0	1	1	1	1	1	1	1	1	0	1	1	1	1
P289	1	1	1	1	1	1	1	1	0	1	1	1	1	0	1	1
P290	1	1	1	1	1	1	1	1	1	0	0	0	0	1	0	1
P291	1	1	1	1	1	1	1	1	1	0	0	0	0	1	0	1
P292	1	0	0	1	1	1	1	1	1	0	0	0	0	1	0	1
P293	NA	NA	NA	NA	NA	NA	NA	NA	NA	NA	NA	NA	NA	NA	NA	NA
P294	1	0	0	1	1	1	1	1	1	1	1	1	0	1	1	1
P295	1	0	0	1	1	1	1	1	1	0	0	0	0	1	0	1
P296	1	0	0	1	1	1	1	1	1	0	0	0	0	1	0	1
P297	1	1	1	0	1	1	1	1	1	1	1	0	1	1	1	1
P298	1	0	0	1	1	1	1	1	1	0	0	0	0	1	0	1
P299	1	0	0	1	1	1	1	1	1	1	1	0	1	1	1	1
P300	1	0	0	1	1	1	1	1	1	0	0	0	0	1	0	1
P301	1	1	1	0	1	1	1	1	1	0	1	1	0	1	0	1
P302	1	1	0	1	1	1	1	1	1	1	1	0	1	1	1	1
P303	1	1	1	0	1	1	1	1	1	1	1	1	0	1	1	1
P304	1	0	0	1	1	1	1	1	1	1	1	1	0	1	0	1
P305	1	1	1	1	1	1	1	1	1	1	1	0	1	1	1	1
P306	1	0	0	1	1	1	1	1	1	0	0	0	0	1	0	1
P307	1	0	0	1	1	1	1	1	1	0	0	0	0	1	0	1
P308	1	0	0	1	1	1	1	1	1	0	0	0	0	1	0	1
P309	1	1	1	1	1	1	1	1	1	1	1	0	1	1	1	1
P310	1	0	0	1	1	1	1	1	1	1	1	0	1	1	1	1
P311	1	1	1	1	1	1	1	1	1	0	1	1	0	1	0	1
P312	1	0	0	1	1	1	1	1	1	1	1	0	1	1	1	1
P313	1	0	0	1	1	1	1	1	1	0	0	0	0	1	0	1
P314	1	0	0	1	1	1	1	1	1	0	0	0	0	1	0	1
P315	1	0	0	1	1	1	1	1	1	0	0	0	0	1	0	1
P316	1	1	1	1	1	1	1	1	1	1	1	1	1	1	1	1
P317	1	1	1	1	1	1	1	1	1	1	1	1	1	1	1	1
P318	1	1	1	1	1	1	1	1	1	1	1	1	0	1	1	1
P319	NA	NA	NA	NA	NA	NA	NA	NA	NA	NA	NA	NA	NA	NA	NA	NA
P320	1	1	1	1	1	1	1	1	1	0	0	0	0	1	0	1
P321	1	0	0	1	1	1	1	1	1	1	1	1	0	1	1	1
P322	1	0	0	1	1	1	1	1	1	0	0	0	0	1	0	1
P323	1	1	1	1	1	1	1	1	0	1	1	1	1	0	1	1
P324	1	1	1	1	1	1	1	1	1	1	1	0	1	1	1	1
P325	NA	NA	NA	NA	NA	NA	NA	NA	NA	NA	NA	NA	NA	NA	NA	NA
P326	1	1	1	1	1	1	1	1	1	0	0	0	0	1	0	1
P327	1	1	1	1	1	1	1	1	1	1	1	0	1	1	1	1
P328	1	0	0	1	1	1	1	1	1	0	0	0	0	1	0	1
P329	1	1	1	0	1	1	1	1	0	1	1	1	1	0	1	1
P330	1	0	0	1	1	1	1	1	1	0	0	0	0	1	0	1
P331	1	0	0	1	1	1	1	1	1	0	0	0	0	1	0	1
P332	1	1	1	1	1	1	1	1	1	0	1	1	0	1	0	1
P333	1	1	1	1	1	1	1	1	1	0	1	1	0	1	0	1
P334	1	1	1	1	1	1	1	1	1	1	1	1	1	1	1	1
P335	1	0	0	1	1	1	1	1	1	0	0	0	0	1	0	1
P336	1	0	0	1	1	1	1	1	1	0	0	0	0	1	0	1
P337	NA	NA	NA	NA	NA	NA	NA	NA	NA	NA	NA	NA	NA	NA	NA	NA
P338	1	1	1	0	1	1	1	1	1	1	1	1	1	1	1	1
P339	1	1	1	0	1	1	1	1	1	1	1	1	1	1	1	1
P340	1	0	0	1	1	1	1	1	1	1	1	0	1	1	1	1
P341	1	0	0	1	1	1	1	1	1	0	0	0	0	1	0	1
P342	1	0	0	1	1	1	1	1	1	0	0	0	0	1	0	1
P343	1	1	1	0	0	0	1	1	1	1	1	0	1	1	1	1
P344	1	0	0	1	1	1	1	1	1	0	0	0	0	1	0	1
P345	1	0	0	1	1	1	1	1	1	0	0	0	0	1	0	1
P346	1	1	1	1	1	1	1	1	1	0	1	1	0	1	0	1
P347	1	1	1	1	1	1	1	1	1	1	1	0	1	1	1	1
P348	NA	NA	NA	NA	NA	NA	NA	NA	NA	NA	NA	NA	NA	NA	NA	NA
P349	1	0	0	1	1	1	1	1	1	1	1	0	1	1	1	1
P350	1	1	1	1	1	1	1	1	1	1	1	0	1	1	1	1
P351	1	1	1	1	1	1	1	1	1	0	1	1	0	1	0	1
P352	1	1	1	0	1	1	1	1	1	0	1	1	0	1	0	1
P353	1	0	0	1	1	1	1	1	1	0	0	0	0	1	0	1
P354	1	0	0	1	1	1	1	1	1	0	0	0	0	1	0	1
P355	1	0	0	1	1	1	1	1	1	1	1	0	1	1	1	1
P356	1	1	1	1	1	1	1	1	1	0	0	0	0	1	0	1
P357	1	0	0	1	1	1	1	1	1	0	0	0	0	1	0	1
P358	1	1	1	1	1	1	1	1	1	0	1	1	0	1	0	1
P359	NA	NA	NA	NA	NA	NA	NA	NA	NA	NA	NA	NA	NA	NA	NA	NA
P360	1	1	1	1	1	1	1	1	1	0	0	0	0	1	0	1
P361	1	1	1	0	1	1	1	1	1	0	1	1	0	1	0	1
P362	1	0	0	1	1	1	1	1	1	0	0	0	0	1	0	1
P363	1	0	0	1	1	1	1	1	1	0	0	0	0	1	0	1
P364	1	1	1	1	1	1	1	1	1	0	0	0	0	1	0	1
P365	1	1	1	0	1	1	1	1	1	0	1	1	0	1	0	1
P366	NA	NA	NA	NA	NA	NA	NA	NA	NA	NA	NA	NA	NA	NA	NA	NA
P367	1	0	0	1	1	1	1	1	1	0	0	0	0	1	0	1
P368	NA	NA	NA	NA	NA	NA	NA	NA	NA	NA	NA	NA	NA	NA	NA	NA
P369	1	1	1	1	1	1	1	1	1	0	0	0	0	1	0	1
P370	1	1	1	1	1	1	1	1	1	0	0	0	0	1	0	1
P371	1	0	0	1	1	1	1	1	1	0	0	0	0	1	0	1
P372	1	0	0	1	1	1	1	1	1	0	0	0	0	1	0	1
P373	1	1	1	1	1	1	1	1	1	0	0	0	0	1	0	1
P374	1	1	1	1	1	1	1	1	1	0	0	0	0	1	0	1
P375	1	0	0	1	1	1	1	1	1	1	1	0	1	1	1	1
P376	1	1	1	1	1	1	1	1	1	0	1	1	0	1	0	1
P377	1	0	0	1	1	1	1	1	1	0	0	0	0	1	0	1
P378	1	1	1	0	1	1	1	1	1	1	1	1	0	1	1	1
P379	1	1	1	0	1	1	1	1	0	1	1	1	1	0	1	1
P380	1	0	0	1	1	1	1	1	1	0	0	0	0	1	0	1
P381	1	0	0	1	1	1	1	1	1	0	0	0	0	1	0	1
P382	1	0	0	1	1	1	1	1	1	0	0	0	0	1	0	1
P383	1	1	1	1	1	1	1	1	1	1	1	0	1	1	1	1
P384	1	0	0	1	1	1	1	1	1	0	0	0	0	1	0	1
P385	1	0	0	1	1	1	1	1	1	0	0	0	0	1	0	1
P386	1	0	0	1	1	1	1	1	1	0	0	0	0	1	0	1
P387	1	0	0	1	1	1	1	1	1	0	0	0	0	1	0	1
P388	1	1	1	0	1	1	1	1	1	1	1	1	0	1	1	1
P389	1	0	0	1	1	1	1	1	1	0	0	0	0	1	0	1
P390	1	0	0	1	1	1	1	1	1	0	0	0	0	1	1	1
P391	1	0	0	1	1	1	1	1	1	0	0	0	0	1	0	1
P392	1	1	1	0	1	1	1	1	1	0	1	1	0	1	0	1
P393	1	0	0	1	1	1	1	1	1	0	0	0	0	1	0	1
P394	1	0	0	1	1	1	1	1	1	1	1	0	1	1	1	1
P395	1	0	0	1	1	1	1	1	1	0	0	0	0	1	0	1
P396	1	0	0	1	1	1	1	1	1	0	0	0	0	1	0	1
P397	NA	NA	NA	NA	NA	NA	NA	NA	NA	NA	NA	NA	NA	NA	NA	NA
P398	1	0	0	1	1	1	1	1	1	1	1	1	0	1	1	1
P399	1	1	1	1	1	1	1	1	1	0	0	0	0	1	0	1
P400	1	0	0	1	1	1	1	1	1	0	0	0	0	1	0	1
P401	1	0	0	1	1	1	1	1	1	0	0	0	0	1	0	1
P402	1	0	0	1	1	1	1	1	1	1	1	0	1	1	1	1
P403	1	1	1	1	1	1	1	1	1	0	0	0	0	1	0	1
P404	NA	NA	NA	NA	NA	NA	NA	NA	NA	NA	NA	NA	NA	NA	NA	NA
P405	1	0	0	1	1	1	1	1	1	1	1	0	1	1	1	1
P406	1	0	0	1	1	1	1	1	1	0	0	0	0	1	0	1
P407	1	1	1	1	1	1	1	1	1	0	0	0	0	1	0	1
P408	1	1	1	1	1	1	1	1	1	1	1	1	1	1	1	1
P409	1	1	1	0	1	1	1	1	1	0	1	1	0	1	0	1
P410	1	1	1	1	1	1	1	1	1	1	1	0	1	1	1	1
P411	1	1	1	0	1	1	1	1	1	1	1	1	0	1	1	1
P412	1	1	1	1	1	1	1	1	1	0	0	0	0	1	0	1
P413	1	0	0	1	1	1	1	1	1	1	1	1	0	1	1	1
P414	1	1	1	1	1	1	1	1	1	0	0	0	0	1	0	1
P415	1	0	0	1	1	1	1	1	1	0	0	0	0	1	0	1
P416	1	0	0	1	1	1	1	1	1	1	1	0	1	1	1	1
P417	1	1	1	1	1	1	1	1	1	0	1	1	0	1	0	1
P418	1	1	1	1	1	1	1	1	1	1	1	1	0	1	0	1
P419	1	0	0	1	1	1	1	1	1	0	0	0	0	1	0	1
P420	1	0	0	1	1	1	1	1	1	0	0	0	0	1	0	1
P421	1	0	0	1	1	1	1	1	0	1	1	1	1	0	1	1
P422	1	0	0	1	1	1	1	1	1	0	0	0	0	1	0	1
P423	1	0	0	1	1	1	1	1	1	0	0	0	0	1	0	1
P424	1	1	1	1	1	1	1	1	1	0	0	0	0	1	0	1
P425	1	1	0	1	1	1	1	1	1	1	1	1	1	1	1	1
P426	1	0	0	1	1	1	1	1	1	1	1	1	0	1	1	1
P427	1	0	0	1	1	1	1	1	1	0	0	0	0	1	0	1
P428	1	1	1	1	1	1	1	1	1	0	1	1	0	1	0	1
P429	1	0	0	1	1	1	1	1	1	0	0	0	0	1	0	1
P430	1	0	0	1	1	1	1	1	1	1	1	0	1	1	1	1
P431	1	1	1	0	1	1	1	1	1	0	1	1	0	1	0	1
P432	1	1	1	1	1	1	1	1	1	0	1	1	0	1	0	1
P433	1	1	1	1	1	1	1	1	1	0	1	1	0	1	0	1
P434	1	0	0	1	1	1	1	1	1	1	1	0	1	1	1	1
P435	1	1	1	1	1	1	1	1	1	1	1	1	0	1	0	1
P436	1	1	1	1	1	1	1	1	1	0	1	1	0	1	0	1
P437	1	0	0	1	1	1	1	1	1	0	0	0	0	1	0	1
P438	1	0	0	1	1	1	1	1	1	0	0	0	0	1	1	1
P439	1	1	1	1	1	1	1	1	1	1	1	0	1	1	1	1
P440	1	0	0	1	1	1	1	1	1	1	1	0	1	1	1	1
P441	1	1	1	1	1	1	1	1	1	0	0	0	0	1	0	1
P442	1	1	1	1	1	1	1	1	0	1	1	0	1	0	1	1
P443	1	0	0	1	1	1	1	1	1	0	0	0	0	1	0	1
P444	1	0	0	1	1	1	1	1	1	0	0	0	0	1	0	1
P445	1	0	0	1	1	1	1	1	1	1	1	0	1	1	1	1
P446	1	1	1	1	1	1	1	1	1	1	1	1	1	1	1	1
P447	1	1	1	1	1	1	1	1	1	0	0	0	0	1	0	1
P448	1	1	1	1	1	1	1	1	1	1	1	1	1	1	1	1
P449	1	0	0	1	1	1	1	1	1	0	0	0	0	1	0	1
P450	1	1	1	1	1	1	1	1	1	1	1	1	1	1	1	1
P451	1	0	0	1	1	1	1	1	1	0	0	0	0	1	0	1
P452	1	1	1	1	1	1	1	1	1	1	1	1	0	1	0	1
P453	1	0	0	1	1	1	1	1	1	0	0	0	0	1	0	1
P454	1	1	1	1	1	1	1	1	1	1	1	1	1	1	1	1
P455	1	1	1	1	1	1	1	1	1	1	1	0	1	1	1	1
P456	1	0	0	1	1	1	1	1	1	0	0	0	0	1	0	1
P457	1	1	1	1	1	1	1	1	1	1	1	1	0	1	0	1
P458	1	1	1	1	1	1	1	1	1	0	0	0	0	1	0	1
P459	1	1	1	0	1	1	1	1	1	1	1	1	0	1	1	1
P460	1	0	0	1	1	1	1	1	1	1	1	0	1	1	1	1
P461	1	1	1	1	1	1	1	1	1	0	0	0	0	1	0	1
P462	1	1	1	0	1	1	1	1	1	1	1	1	1	1	1	1
P463	1	1	1	1	1	1	1	1	1	0	1	1	0	1	0	1
P464	1	1	1	1	1	1	1	1	1	1	1	1	1	1	1	1
P465	1	0	0	1	1	1	1	1	1	1	1	0	1	1	1	1
P466	NA	NA	NA	NA	NA	NA	NA	NA	NA	NA	NA	NA	NA	NA	NA	NA
P467	1	1	0	1	1	1	1	1	1	1	1	1	1	1	1	1
P468	1	1	1	1	1	1	1	1	1	0	1	1	0	1	0	1
P469	1	1	1	1	1	1	1	1	1	0	0	0	0	1	0	1
P470	1	1	1	1	1	1	1	1	1	0	1	1	0	1	0	1
P471	1	1	1	1	1	1	1	1	1	1	1	1	0	1	1	1
P472	1	0	0	1	1	1	1	1	1	0	0	0	0	1	0	1
P473	1	0	0	1	1	1	1	1	1	0	0	0	0	1	0	1
P474	1	1	0	1	1	1	1	1	1	1	1	0	1	1	1	1
P475	1	1	1	1	1	1	1	1	1	1	1	0	1	1	1	1
P476	1	0	0	1	1	1	1	1	1	1	1	0	1	1	1	1
P477	1	0	0	1	1	1	1	1	1	1	1	0	1	1	1	1
P478	1	1	1	1	1	1	1	1	1	1	1	1	1	1	1	1
P479	1	0	0	1	1	1	1	1	1	0	0	0	0	1	0	1
P480	1	1	1	0	0	0	1	1	1	0	0	0	0	1	0	1
P481	1	0	0	1	1	1	1	1	1	0	0	0	0	1	0	1
P482	NA	NA	NA	NA	NA	NA	NA	NA	NA	NA	NA	NA	NA	NA	NA	NA
P483	1	0	0	1	1	1	1	1	1	0	0	0	0	1	0	1
P484	1	1	1	0	1	1	1	1	1	0	1	1	0	1	0	1
P485	1	1	1	1	1	1	1	1	1	1	1	1	0	1	1	1
P486	1	0	0	1	1	1	1	1	1	1	1	0	1	1	1	1
P487	1	1	1	1	1	1	1	1	1	0	0	0	0	1	0	1
P488	1	1	1	0	1	1	1	1	1	1	1	1	0	1	1	1
P489	1	0	0	1	1	1	1	1	1	0	0	0	0	1	0	1
P490	1	0	0	1	1	1	1	1	1	0	0	0	0	1	0	1
P491	1	0	0	1	1	1	1	1	1	0	0	0	0	1	0	1
P492	1	0	0	1	1	1	1	1	1	0	0	0	0	1	0	1
P493	1	1	1	1	1	1	1	1	0	1	1	1	1	0	1	1
P494	1	1	1	1	1	1	1	1	1	0	0	0	0	1	0	1
P495	1	0	0	1	1	1	1	1	1	0	0	0	0	1	0	1
P496	1	0	0	1	1	1	1	1	1	0	0	0	0	1	0	1
P497	1	0	0	1	1	1	1	1	1	0	0	0	0	1	0	1
P498	1	1	1	1	1	1	1	1	1	1	1	1	1	1	1	1
P499	1	0	0	1	1	1	1	1	1	1	1	0	1	1	1	1
P500	1	1	1	1	1	1	1	1	1	0	1	0	1	1	1	1
C001	1	0	0	1	1	1	1	1	1	0	0	0	0	1	0	1
C002	1	0	0	1	1	1	1	1	1	0	0	0	0	1	0	1
C003	1	0	0	1	1	1	1	1	0	1	1	0	1	0	1	1
C004	1	0	0	1	1	1	1	1	0	1	1	0	1	0	1	1
C005	1	0	0	1	1	1	1	1	1	1	1	0	1	1	1	1
C006	1	0	0	1	1	1	1	1	1	0	0	0	0	1	0	1
C007	1	0	0	1	1	1	1	1	1	0	0	0	0	1	0	1
C008	1	0	0	1	1	1	1	1	1	0	0	0	0	1	0	1
C009	1	1	1	1	1	1	1	1	1	0	0	0	0	1	0	1
C010	1	1	1	1	1	1	1	1	1	0	1	1	0	1	0	1
C011	NA	NA	NA	NA	NA	NA	NA	NA	NA	NA	NA	NA	NA	NA	NA	NA
C012	1	1	1	1	1	1	1	1	1	0	0	0	0	1	0	1
C013	1	0	0	1	1	1	1	1	1	1	1	0	1	1	1	1
C014	1	0	0	1	1	1	1	1	1	0	0	0	0	1	0	1
C015	NA	NA	NA	NA	NA	NA	NA	NA	NA	NA	NA	NA	NA	NA	NA	NA
C016	1	1	1	0	1	1	1	1	1	0	1	1	0	1	0	1
C017	1	0	0	1	1	1	1	1	1	0	0	0	0	1	0	1
C018	1	0	0	1	1	1	1	1	1	0	0	0	0	1	0	1
C019	1	0	0	1	1	1	1	1	0	1	1	0	1	0	1	1
C020	1	0	0	1	1	1	1	1	1	0	0	0	0	1	0	1
C021	1	1	1	1	1	1	1	1	1	1	1	1	0	1	1	1
C022	1	1	1	1	1	1	1	1	1	1	1	1	0	1	1	1
C023	1	0	0	1	1	1	1	1	1	0	0	0	0	1	0	1
C024	1	0	0	1	1	1	1	1	1	0	0	0	0	1	0	1
C025	1	0	0	1	1	1	1	1	1	1	1	1	0	1	1	1
C026	NA	NA	NA	NA	NA	NA	NA	NA	NA	NA	NA	NA	NA	NA	NA	NA
C027	1	0	0	1	1	1	1	1	1	1	1	0	1	1	1	1
C028	1	0	0	1	1	1	1	1	1	0	0	0	0	1	0	1
C029	1	1	1	1	1	1	1	1	1	1	1	0	1	1	1	1
C030	1	0	0	1	1	1	1	1	1	0	0	0	0	1	0	1
C031	1	0	0	1	1	1	1	1	1	0	0	0	0	1	0	1
C032	1	1	1	1	1	1	1	1	1	0	1	1	0	1	0	1
C033	1	0	0	1	1	1	1	1	1	1	1	0	1	1	1	1
C034	1	0	0	1	1	1	1	1	1	1	1	0	1	1	1	1
C035	1	1	1	1	1	1	1	1	1	0	0	0	0	1	0	1
C036	1	0	0	1	1	1	1	1	1	0	0	0	0	1	0	1
C037	1	1	1	1	1	1	1	1	1	1	1	1	0	1	1	1
C038	1	1	1	1	1	1	1	1	1	0	0	0	0	1	0	1
C039	1	1	1	1	1	1	1	1	1	0	1	1	0	1	1	1
C040	1	1	1	1	1	1	1	1	1	0	0	0	0	1	0	1
C041	1	0	0	1	1	1	1	1	1	0	0	0	0	1	0	1
C042	1	1	1	1	1	1	1	1	1	0	1	1	0	1	0	1
C043	1	0	0	1	1	1	1	1	1	0	0	0	0	1	0	1
C044	1	0	0	1	1	1	1	1	1	0	0	0	0	1	0	1
C045	1	0	0	1	1	1	1	1	1	0	0	0	0	1	0	1
C046	1	0	0	1	1	1	1	1	1	1	1	0	1	1	1	1
C047	1	1	1	1	1	1	1	1	0	1	1	0	1	0	1	1
C048	1	1	1	1	1	1	1	1	1	0	1	1	0	1	0	1
C049	1	0	0	1	1	1	1	1	1	1	1	0	1	1	1	1
C050	1	0	0	1	1	1	1	1	1	0	0	0	0	1	0	1
C051	1	1	1	1	1	1	1	1	1	0	0	0	0	1	0	1
C052	1	0	0	1	1	1	1	1	1	0	0	0	0	1	0	1
C053	1	0	0	1	1	1	1	1	1	0	0	0	0	1	0	1
C054	1	1	1	1	1	1	1	1	1	1	1	1	1	1	1	1
C055	1	0	0	1	1	1	1	1	1	1	1	0	1	1	1	1
C056	1	0	0	1	1	1	1	1	1	1	1	0	1	1	1	1
C057	1	0	0	1	1	1	1	1	1	0	0	0	0	1	0	1
C058	1	1	1	1	1	1	1	1	1	0	0	0	0	1	0	1
C059	1	0	0	1	1	1	1	1	1	1	1	1	1	1	1	1
C060	1	1	1	1	1	1	1	1	1	1	1	0	1	1	1	1
C061	1	1	1	1	1	1	1	1	1	0	0	0	0	1	0	1
C062	1	1	1	1	1	1	1	1	1	0	0	0	0	1	0	1
C063	1	0	0	1	1	1	1	1	1	0	0	0	0	1	0	1
C064	1	1	1	1	1	1	1	1	1	0	0	0	0	1	0	1
C065	1	0	0	1	1	1	1	1	1	1	1	0	1	1	1	1
C066	1	0	0	1	1	1	1	1	1	0	0	0	0	1	0	1
C067	1	0	0	1	1	1	1	1	1	0	0	0	0	1	0	1
C068	1	1	1	1	1	1	1	1	1	0	0	0	0	1	0	1
C069	1	0	0	1	1	1	1	1	1	0	0	0	0	1	0	1
C070	1	1	1	1	1	1	1	1	1	1	1	0	1	1	1	1
C071	1	1	1	1	1	1	1	1	1	1	1	1	0	1	1	1
C072	1	1	1	0	1	1	1	1	1	1	1	1	1	1	1	1
C073	1	0	0	1	1	1	1	1	1	0	0	0	0	1	0	1
C074	1	0	0	1	1	1	1	1	1	0	0	0	0	1	0	1
C075	1	0	0	1	1	1	1	1	1	0	0	0	0	1	0	1
C076	1	1	1	1	1	1	1	1	1	1	1	1	0	1	1	1
C077	1	1	1	1	1	1	1	1	1	0	0	0	0	1	0	1
C078	NA	NA	NA	NA	NA	NA	NA	NA	NA	NA	NA	NA	NA	NA	NA	NA
C079	1	0	0	1	1	1	1	1	1	0	0	0	0	1	0	1
C080	1	0	0	1	1	1	1	1	1	1	1	0	1	1	1	1
C081	1	0	0	1	1	1	1	1	1	1	1	0	1	1	1	1
C082	1	0	0	1	1	1	1	1	1	0	0	0	0	1	0	1
C083	1	0	0	1	1	1	1	1	1	0	0	0	0	1	0	1
C084	1	0	0	1	1	1	1	1	1	0	0	0	0	1	0	1
C085	1	0	0	1	1	1	1	1	1	1	1	0	1	1	1	1
C086	NA	NA	NA	NA	NA	NA	NA	NA	NA	NA	NA	NA	NA	NA	NA	NA
C087	1	0	0	1	1	1	1	1	1	0	0	0	0	1	0	1
C088	1	1	1	1	1	1	1	1	1	1	1	1	1	1	1	1
C089	1	1	1	0	1	1	1	1	1	1	1	1	1	1	1	1
C090	1	1	1	1	1	1	1	1	1	1	1	0	1	1	1	1
C091	1	0	0	1	1	1	1	1	1	0	0	0	0	1	0	1
C092	1	1	1	1	1	1	1	1	1	1	1	0	1	1	1	1
C093	1	0	0	1	1	1	1	1	1	0	0	0	0	1	0	1
C094	1	1	1	1	1	1	1	1	1	1	1	0	1	1	1	1
C095	1	0	0	1	1	1	1	1	1	0	0	0	0	1	0	1
C096	1	0	0	1	1	1	1	1	1	0	0	0	0	1	0	1
C097	1	1	1	1	1	1	1	1	1	1	1	1	0	1	1	1
C098	1	0	0	1	1	1	1	1	1	0	0	0	0	1	0	1
C099	1	0	0	1	1	1	1	1	1	0	0	0	0	1	0	1
C100	NA	NA	NA	NA	NA	NA	NA	NA	NA	NA	NA	NA	NA	NA	NA	NA
C101	1	1	1	0	1	1	1	1	1	1	1	1	1	1	1	1
C102	1	1	1	1	1	1	1	1	1	0	0	0	0	1	0	1
C103	1	0	0	1	1	1	1	1	1	0	0	0	0	1	0	1
C104	1	0	0	1	1	1	1	1	1	0	0	0	0	1	0	1
C105	1	0	0	1	1	1	1	1	1	0	0	0	0	1	0	1
C106	1	1	1	1	1	1	1	1	1	0	1	1	0	1	0	1
C107	1	1	1	0	1	1	1	1	1	1	1	1	1	1	1	1
C108	1	0	0	1	1	1	1	1	1	0	0	0	0	1	0	1
C109	1	1	1	1	1	1	1	1	1	1	1	0	1	1	1	1
C110	1	0	0	1	1	1	1	1	1	0	0	0	0	1	0	1
C111	1	1	1	1	1	1	1	1	1	0	1	1	0	1	0	1
C112	1	1	1	1	1	0	1	1	1	0	0	0	0	1	1	1
C113	1	0	0	1	1	1	1	1	1	0	0	0	0	1	0	1
C114	1	1	1	1	1	1	1	1	1	1	1	1	0	1	1	1
C115	1	0	0	1	1	1	1	1	1	1	1	0	1	1	1	1
C116	1	0	0	1	1	1	1	1	1	0	0	0	0	1	0	1
C117	1	0	0	1	1	1	1	1	1	0	0	0	0	1	0	1
C118	1	1	1	1	1	1	1	1	0	1	1	0	1	0	1	1
C119	1	1	1	0	1	1	1	1	1	1	1	0	1	1	1	1
C120	1	1	1	1	1	1	1	1	0	1	1	1	1	0	1	1
C121	1	1	1	1	1	1	1	1	1	0	1	1	0	1	0	1
C122	1	0	0	1	1	1	1	1	1	0	0	0	0	1	0	1
C123	1	0	0	1	1	1	1	1	1	0	0	0	0	1	0	1
C124	1	0	0	1	1	1	1	1	1	0	0	0	0	1	0	1
C125	1	0	0	1	1	1	1	1	1	0	0	0	0	1	0	1
C126	1	0	0	1	1	1	1	1	1	1	1	0	1	1	1	1
C127	1	1	1	0	0	0	1	1	1	0	0	0	0	1	0	1
C128	1	0	0	1	1	1	1	1	1	0	0	0	0	1	0	1
C129	1	0	0	1	1	1	1	1	1	0	0	0	0	1	0	1
C130	1	1	1	1	1	1	1	1	1	0	1	1	0	1	0	1
C131	1	0	0	1	1	1	1	1	1	0	0	0	0	1	0	1
C132	1	1	1	1	1	1	1	1	1	0	0	0	0	1	0	1
C133	1	1	1	1	1	1	1	1	1	0	0	0	0	1	0	1
C134	1	1	1	0	0	0	1	1	0	1	1	0	1	0	1	1
C135	NA	NA	NA	NA	NA	NA	NA	NA	NA	NA	NA	NA	NA	NA	NA	NA
C136	1	0	0	1	1	1	1	1	1	0	0	0	0	1	0	1
C137	1	0	0	1	1	1	1	1	1	0	0	0	0	1	1	1
C138	1	0	0	1	1	1	1	1	1	1	1	0	1	1	1	1
C139	1	1	1	0	1	1	1	1	1	0	1	1	0	1	0	1
C140	1	1	1	1	1	1	1	1	1	0	1	1	0	1	0	1
C141	1	0	0	1	1	1	1	1	1	1	1	0	1	1	1	1
C142	1	0	0	1	1	1	1	1	1	0	0	0	0	1	0	1
C143	1	0	0	1	1	1	1	1	1	0	0	0	0	1	0	1
C144	1	1	1	1	1	1	1	1	1	0	1	1	0	1	0	1
C145	1	1	1	0	1	1	1	1	1	1	1	1	1	1	1	1
C146	NA	NA	NA	NA	NA	NA	NA	NA	NA	NA	NA	NA	NA	NA	NA	NA
C147	1	0	0	1	1	1	1	1	1	0	0	0	0	1	0	1
C148	1	1	1	1	1	1	1	1	1	0	1	1	0	1	0	1
C149	1	0	0	1	1	1	1	1	1	1	1	0	1	1	1	1
C150	1	1	0	1	1	1	1	1	1	1	1	0	1	1	1	1
C151	1	1	1	0	1	1	1	1	1	1	1	1	1	1	1	1
C152	1	0	0	1	1	1	1	1	1	0	0	0	0	1	0	1
C153	1	0	0	1	1	1	1	1	1	0	0	0	0	1	0	1
C154	1	1	1	1	1	1	1	1	1	0	0	0	0	1	0	1
C155	1	0	0	1	1	1	1	1	1	0	0	0	0	1	0	1
C156	1	0	0	1	1	1	1	1	1	0	0	0	0	1	0	1
C157	1	0	0	1	1	1	1	1	1	0	0	0	0	1	0	1
C158	1	1	1	1	1	1	1	1	1	0	1	1	0	1	0	1
C159	1	0	0	1	1	1	1	1	1	0	0	0	0	1	0	1
C160	1	0	0	1	1	1	1	1	0	1	1	0	1	0	1	1
C161	1	1	1	1	1	1	1	1	1	0	0	0	0	1	0	1
C162	1	0	0	1	1	1	1	1	1	1	1	0	1	1	1	1
C163	1	1	1	1	1	1	1	1	1	0	1	1	0	1	0	1
C164	1	0	0	1	1	1	1	1	1	1	1	1	0	1	1	1
C165	1	0	0	1	1	1	1	1	1	0	0	0	0	1	0	1
C166	1	1	1	1	1	1	1	1	1	1	1	0	1	1	1	1
C167	1	1	1	1	1	1	1	1	1	0	0	0	0	1	0	1
C168	1	0	0	1	1	1	1	1	0	1	1	1	1	0	1	1
C169	1	0	0	1	1	1	1	1	1	0	0	0	0	1	0	1
C170	1	1	1	1	1	1	1	1	1	0	1	1	0	1	0	1
C171	1	0	0	1	1	1	1	1	1	1	1	1	0	1	1	1
C172	1	1	1	0	1	1	1	1	1	0	1	1	0	1	0	1
C173	1	1	1	1	1	1	1	1	1	0	0	0	0	1	0	1
C174	1	0	0	1	1	1	1	1	1	1	1	1	0	1	1	1
C175	1	1	1	1	1	1	1	1	1	0	0	0	0	1	0	1
C176	1	0	0	1	1	1	1	1	1	0	0	0	0	1	0	1
C177	1	0	0	1	1	1	1	1	1	0	0	0	0	1	0	1
C178	1	0	0	1	1	1	1	1	1	1	1	1	0	1	1	1
C179	1	1	1	1	1	1	1	1	1	0	1	1	0	1	0	1
C180	1	1	1	1	1	1	1	1	1	1	1	0	1	1	1	1
C181	1	0	0	1	1	1	1	1	1	0	0	0	0	1	0	1
C182	1	0	0	1	1	1	1	1	1	1	1	0	1	1	1	1
C183	NA	NA	NA	NA	NA	NA	NA	NA	NA	NA	NA	NA	NA	NA	NA	NA
C184	1	1	1	1	1	1	1	1	1	0	1	1	0	1	0	1
C185	1	1	1	1	1	1	1	1	1	0	1	1	0	1	0	1
C186	1	0	0	1	1	1	1	1	1	0	0	0	0	1	0	1
C187	1	0	0	1	1	1	1	1	1	1	1	0	1	1	1	1
C188	1	0	0	1	1	1	1	1	1	0	0	0	0	1	0	1
C189	1	1	1	1	1	1	1	1	1	0	0	0	0	1	0	1
C190	1	1	1	1	1	1	1	1	1	1	1	0	1	1	1	1
C191	1	1	1	1	1	1	1	1	1	0	0	0	0	1	0	1
C192	1	1	1	1	1	1	1	1	1	1	1	1	0	1	1	1
C193	1	0	0	1	1	1	1	1	1	0	0	0	0	1	0	1
C194	NA	NA	NA	NA	NA	NA	NA	NA	NA	NA	NA	NA	NA	NA	NA	NA
C195	1	0	0	1	1	1	1	1	1	0	0	0	0	1	0	1
C196	NA	NA	NA	NA	NA	NA	NA	NA	NA	NA	NA	NA	NA	NA	NA	NA
C197	1	0	0	1	1	1	1	1	1	1	1	1	0	1	1	1
C198	1	1	1	1	1	1	1	1	0	1	1	1	1	0	1	1
C199	1	1	1	1	1	1	1	1	1	1	1	0	1	1	1	1
C200	1	1	1	1	1	1	1	1	1	1	1	1	1	1	1	1
C201	1	1	1	1	1	1	1	1	1	0	1	0	1	1	1	1
C202	1	0	0	1	1	1	1	1	1	0	0	0	0	1	0	1
C203	1	0	0	1	1	1	1	1	1	0	0	0	0	1	1	1
C204	1	1	1	1	1	1	1	1	1	0	1	1	0	1	0	1
C205	1	1	1	0	1	1	1	1	1	0	1	1	0	1	0	1
C206	1	1	1	1	1	1	1	1	1	1	1	1	0	1	0	1
C207	1	0	0	1	1	1	1	1	1	0	0	0	0	1	0	1
C208	1	0	0	1	1	1	1	1	1	0	0	0	0	1	0	1
C209	NA	NA	NA	NA	NA	NA	NA	NA	NA	NA	NA	NA	NA	NA	NA	NA
C210	1	0	0	1	1	1	1	1	1	1	1	0	1	1	1	1
C211	1	1	1	1	1	1	1	1	1	0	1	0	1	1	1	1
C212	1	0	0	1	1	1	1	1	1	0	0	0	0	1	0	1
C213	1	1	1	1	1	1	1	1	0	1	1	1	0	0	1	1
C214	1	1	1	1	1	1	1	1	1	0	1	1	0	1	0	1
C215	1	1	1	1	1	1	1	1	0	1	1	1	1	0	1	1
C216	1	1	1	1	1	1	1	1	1	0	1	1	0	1	0	1
C217	1	1	1	1	1	1	1	1	1	1	1	1	1	1	1	1
C218	1	0	0	1	1	1	1	1	1	0	0	0	0	1	0	1
C219	1	0	0	1	1	1	1	1	1	0	0	0	0	1	0	1
C220	1	0	0	1	1	1	1	1	1	1	1	0	1	1	1	1
C221	1	1	1	1	1	1	1	1	1	0	1	1	0	1	0	1
C222	1	0	0	1	1	1	1	1	1	0	0	0	0	1	0	1
C223	1	0	0	1	1	1	1	1	1	1	1	0	1	1	1	1
C224	1	1	1	1	1	1	1	1	1	0	1	1	0	1	0	1
C225	1	0	0	1	1	1	1	1	1	0	0	0	0	1	0	1
C226	1	0	0	1	1	1	1	1	1	0	0	0	0	1	0	1
C227	1	1	1	1	1	1	1	1	1	0	0	0	0	1	0	1
C228	1	1	1	1	1	1	1	1	1	1	1	0	1	1	1	1
C229	1	1	1	1	1	1	1	1	1	1	1	1	0	1	1	1
C230	1	0	0	1	1	1	1	1	1	1	1	0	1	1	1	1
C231	1	1	1	1	1	1	1	1	1	0	0	0	0	1	0	1
C232	1	0	0	1	1	1	1	1	1	0	0	0	0	1	0	1
C233	1	1	1	1	1	1	1	1	1	0	1	1	0	1	0	1
C234	1	0	0	1	1	1	1	1	1	0	0	0	0	1	0	1
C235	1	1	1	1	1	1	1	1	1	1	1	1	0	1	1	1
C236	1	0	0	1	1	1	1	1	1	0	0	0	0	1	0	1
C237	1	0	0	1	1	1	1	1	1	1	1	0	1	1	1	1
C238	1	1	1	1	1	1	1	1	1	0	0	0	0	1	0	1
C239	1	1	1	1	1	1	1	1	1	0	1	1	0	1	0	1
C240	1	0	0	1	1	1	1	1	1	0	0	0	0	1	0	1
C241	1	0	0	1	1	1	1	1	1	0	0	0	0	1	0	1
C242	1	1	1	0	1	1	1	1	1	0	1	1	0	1	0	1
C243	1	0	0	1	1	1	1	1	1	0	0	0	0	1	0	1
C244	1	1	1	1	1	1	1	1	1	0	0	0	0	1	0	1
C245	1	0	0	1	1	1	1	1	1	1	1	0	1	1	1	1
C246	1	0	0	1	1	1	1	1	1	0	0	0	0	1	0	1
C247	1	0	0	1	1	1	1	1	1	0	0	0	0	1	0	1
C248	NA	NA	NA	NA	NA	NA	NA	NA	NA	NA	NA	NA	NA	NA	NA	NA
C249	1	0	0	1	1	1	1	1	1	0	0	0	0	1	0	1
C250	1	0	0	1	1	1	1	1	1	0	0	0	0	1	0	1
C251	1	0	0	1	1	1	1	1	1	0	0	0	0	1	0	1
C252	1	0	0	1	1	1	1	1	1	0	0	0	0	1	0	1
C253	1	1	1	1	1	1	1	1	1	0	0	0	0	1	0	1
C254	1	0	0	1	1	1	1	1	1	0	0	0	0	1	0	1
C255	1	1	1	0	1	1	1	1	1	1	1	1	0	1	1	1
C256	NA	NA	NA	NA	NA	NA	NA	NA	NA	NA	NA	NA	NA	NA	NA	NA
C257	1	0	0	1	1	1	1	1	1	1	1	0	1	1	1	1
C258	1	0	0	1	1	1	1	1	1	0	0	0	0	1	0	1
C259	1	1	1	1	1	1	1	1	1	0	0	0	0	1	0	1
C260	1	0	0	1	1	1	1	1	1	0	0	0	0	1	1	1
C261	1	0	0	1	1	1	1	1	1	0	0	0	0	1	0	1
C262	1	0	0	1	1	1	1	1	1	1	1	1	0	1	1	1
C263	1	0	0	1	1	1	1	1	1	0	0	0	0	1	0	1
C264	1	0	0	1	1	1	1	1	1	1	1	0	1	1	1	1
C265	1	0	0	1	1	1	1	1	1	1	1	0	1	1	1	1
C266	NA	NA	NA	NA	NA	NA	NA	NA	NA	NA	NA	NA	NA	NA	NA	NA
C267	1	0	0	1	1	1	1	1	1	1	1	0	1	1	1	1
C268	NA	NA	NA	NA	NA	NA	NA	NA	NA	NA	NA	NA	NA	NA	NA	NA
C269	1	0	0	1	1	1	1	1	1	1	1	0	1	1	1	1
C270	1	0	0	1	1	1	1	1	1	1	1	0	1	1	1	1
C271	1	0	0	1	1	1	1	1	1	1	1	0	1	1	1	1
C272	1	1	1	1	1	1	1	1	1	1	1	1	1	1	1	1
C273	1	1	1	1	1	1	1	1	1	0	1	1	0	1	0	1
C274	1	1	1	1	1	1	1	1	1	0	1	1	0	1	0	1
C275	NA	NA	NA	NA	NA	NA	NA	NA	NA	NA	NA	NA	NA	NA	NA	NA
C276	1	0	0	1	1	1	1	1	1	0	0	0	0	1	0	1
C277	1	1	1	1	1	1	1	1	1	0	0	0	0	1	0	1
C278	1	0	0	1	1	1	1	1	1	0	0	0	0	1	0	1
C279	1	0	0	1	1	1	1	1	1	0	0	0	0	1	0	1
C280	1	0	0	1	1	1	1	1	1	0	0	0	0	1	0	1
C281	1	0	0	1	1	1	1	1	1	0	0	0	0	1	0	1
C282	1	0	0	1	1	1	1	1	1	0	0	0	0	1	0	1
C283	1	0	0	1	1	1	1	1	1	1	1	0	1	1	1	1
C284	1	1	1	1	1	1	1	1	0	1	1	0	1	0	1	1
C285	1	0	0	1	1	1	1	1	1	1	1	0	1	1	1	1
C286	1	0	0	1	1	1	1	1	1	0	0	0	0	1	0	1
C287	NA	NA	NA	NA	NA	NA	NA	NA	NA	NA	NA	NA	NA	NA	NA	NA
C288	NA	NA	NA	NA	NA	NA	NA	NA	NA	NA	NA	NA	NA	NA	NA	NA
C289	1	1	1	1	1	1	1	1	0	1	1	1	1	0	1	1
C290	1	1	1	1	1	1	1	1	1	1	1	0	1	1	1	1
C291	1	1	1	1	1	1	1	1	1	0	0	0	0	1	0	1
C292	1	0	0	1	1	1	1	1	1	1	1	0	1	1	1	1
C293	1	1	1	0	1	1	1	1	1	1	1	1	0	1	1	1
C294	1	1	1	0	0	0	1	1	1	0	0	0	0	1	0	1
C295	1	0	0	1	1	1	1	1	1	0	0	0	0	1	0	1
C296	1	1	1	0	1	1	1	1	1	1	1	1	0	1	1	1
C297	1	0	0	1	1	1	1	1	1	1	1	0	1	1	1	1
C298	1	1	1	1	1	0	1	1	1	0	0	0	0	1	1	1
C299	1	0	0	1	1	1	1	1	1	1	1	0	1	1	1	1
C300	1	0	0	1	1	1	1	1	1	0	0	0	0	1	0	1
C301	1	0	0	1	1	1	1	1	1	0	0	0	0	1	0	1
C302	1	1	1	1	1	1	1	1	1	1	1	1	0	1	1	1
C303	1	1	1	0	1	1	1	1	1	1	1	1	0	1	1	1
C304	1	0	0	1	1	1	1	1	1	0	0	0	0	1	0	1
C305	1	0	0	1	1	1	1	1	1	1	1	0	1	1	1	1
C306	1	0	0	1	1	1	1	1	1	0	0	0	0	1	1	1
C307	1	1	1	1	1	1	1	1	1	1	1	0	1	1	1	1
C308	1	1	1	0	1	1	1	1	1	0	1	1	0	1	0	1
C309	1	1	1	1	1	1	1	1	1	0	1	1	0	1	0	1
C310	1	0	0	1	1	1	1	1	1	0	0	0	0	1	0	1
C311	1	0	0	1	1	1	1	1	1	0	0	0	0	1	0	1
C312	1	0	0	1	1	1	1	1	1	0	0	0	0	1	0	1
C313	1	0	0	1	1	1	1	1	1	0	0	0	0	1	0	1
C314	1	1	1	1	1	1	1	1	1	1	1	0	1	1	1	1
C315	1	1	1	1	1	1	1	1	1	1	1	0	1	1	1	1
C316	1	0	0	1	1	1	1	1	1	1	1	1	0	1	1	1
C317	1	0	0	1	1	1	1	1	1	0	0	0	0	1	0	1
C318	1	1	1	1	1	1	1	1	1	0	1	1	0	1	0	1
C319	1	0	0	1	1	1	1	1	1	0	0	0	0	1	0	1
C320	1	1	1	1	1	1	1	1	1	0	0	0	0	1	0	1
C321	1	1	1	1	1	1	1	1	1	1	1	0	1	1	1	1
C322	1	0	0	1	1	1	1	1	0	1	1	0	1	0	1	1
C323	1	0	0	1	1	1	1	1	1	0	0	0	0	1	0	1
C324	1	0	0	1	1	1	1	1	1	1	1	0	1	1	1	1
C325	1	0	0	1	1	1	1	1	1	0	0	0	0	1	0	1
C326	1	0	0	1	1	1	1	1	1	0	0	0	0	1	0	1
C327	1	0	0	1	1	1	1	1	0	1	1	1	0	0	1	1
C328	1	0	0	1	1	1	1	1	1	0	0	0	0	1	0	1
C329	1	1	1	1	1	1	1	1	1	0	0	0	0	1	0	1
C330	1	0	0	1	1	1	1	1	1	0	0	0	0	1	0	1
C331	1	1	1	0	1	1	1	1	1	1	1	1	1	1	1	1
C332	1	0	0	1	1	1	1	1	1	0	0	0	0	1	0	1
C333	1	0	0	1	1	1	1	1	1	0	0	0	0	1	0	1
C334	1	0	0	1	1	1	1	1	1	1	1	1	0	1	1	1
C335	1	0	0	1	1	1	1	1	1	0	0	0	0	1	0	1
C336	1	0	0	1	1	1	1	1	1	0	0	0	0	1	0	1
C337	1	0	0	1	1	1	1	1	1	0	0	0	0	1	0	1
C338	1	0	0	1	1	1	1	1	1	0	0	0	0	1	0	1
C339	1	1	1	1	1	1	1	1	1	1	1	1	1	1	1	1
C340	1	0	0	1	1	1	1	1	1	0	0	0	0	1	0	1
C341	1	0	0	1	1	1	1	1	1	0	0	0	0	1	0	1
C342	1	1	1	1	1	1	1	1	1	1	1	1	0	1	1	1
C343	1	0	0	1	1	1	1	1	1	0	0	0	0	1	0	1
C344	1	1	1	1	1	1	1	1	1	0	0	0	0	1	0	1
C345	NA	NA	NA	NA	NA	NA	NA	NA	NA	NA	NA	NA	NA	NA	NA	NA
C346	NA	NA	NA	NA	NA	NA	NA	NA	NA	NA	NA	NA	NA	NA	NA	NA
C347	1	1	1	1	1	1	1	1	1	0	0	0	0	1	0	1
C348	1	0	0	1	1	1	1	1	1	0	0	0	0	1	0	1
C349	1	1	1	1	1	1	1	1	1	0	0	0	0	1	0	1
C350	1	0	0	1	1	1	1	1	1	1	1	0	1	1	1	1
C351	1	0	0	1	1	1	1	1	0	1	1	0	1	0	1	1
C352	1	0	0	1	1	1	1	1	1	0	0	0	0	1	0	1
C353	1	1	1	1	1	1	1	1	1	0	1	1	0	1	0	1
C354	1	1	1	1	1	1	1	1	1	0	1	1	0	1	0	1
C355	1	0	0	1	1	1	1	1	1	0	0	0	0	1	0	1
C356	1	0	0	1	1	1	1	1	1	0	0	0	0	1	0	1
C357	1	1	1	1	1	1	1	1	1	0	1	1	0	1	0	1
C358	1	0	0	1	1	1	1	1	1	0	0	0	0	1	0	1
C359	NA	NA	NA	NA	NA	NA	NA	NA	NA	NA	NA	NA	NA	NA	NA	NA
C360	1	1	1	1	1	1	1	1	1	1	1	1	0	1	1	1
C361	1	1	1	1	1	1	1	1	1	1	1	0	1	1	1	1
C362	1	1	1	1	1	1	1	1	1	0	0	0	0	1	0	1
C363	NA	NA	NA	NA	NA	NA	NA	NA	NA	NA	NA	NA	NA	NA	NA	NA
C364	NA	NA	NA	NA	NA	NA	NA	NA	NA	NA	NA	NA	NA	NA	NA	NA
C365	1	0	0	1	1	1	1	1	1	0	0	0	0	1	0	1
C366	1	0	0	1	1	1	1	1	1	0	0	0	0	1	0	1
C367	1	0	0	1	1	1	1	1	1	0	0	0	0	1	1	1
C368	1	1	1	1	1	1	1	1	0	1	1	1	1	0	1	1
C369	1	0	0	1	1	1	1	1	1	1	1	0	1	1	1	1
C370	1	1	1	1	1	1	1	1	1	0	0	0	0	1	0	1
C371	1	1	1	1	1	1	1	1	1	0	0	0	0	1	0	1
C372	1	1	1	1	1	1	1	1	1	0	1	1	0	1	0	1
C373	1	1	1	0	1	1	1	1	1	0	1	1	0	1	0	1
C374	1	1	1	1	1	1	1	1	1	0	0	0	0	1	0	1
C375	1	0	0	1	1	1	1	1	1	0	0	0	0	1	0	1
C376	1	1	1	1	1	1	1	1	1	1	1	0	1	1	1	1
C377	1	1	1	1	1	1	1	1	1	1	1	1	0	1	1	1
C378	1	1	1	1	1	1	1	1	1	0	0	0	0	1	0	1
C379	1	0	0	1	1	1	1	1	1	0	0	0	0	1	0	1
C380	1	0	0	1	1	1	1	1	1	0	0	0	0	1	0	1
C381	1	1	1	1	1	1	1	1	1	0	0	0	0	1	0	1
C382	1	0	0	1	1	1	1	1	1	0	0	0	0	1	0	1
C383	1	1	1	1	1	1	1	1	1	1	1	1	0	1	1	1
C384	1	1	1	0	1	1	1	1	1	0	1	1	0	1	0	1
C385	1	1	1	1	1	1	1	1	1	0	0	0	0	1	0	1
C386	1	0	0	1	1	1	1	1	1	0	0	0	0	1	0	1
C387	NA	NA	NA	NA	NA	NA	NA	NA	NA	NA	NA	NA	NA	NA	NA	NA
C388	NA	NA	NA	NA	NA	NA	NA	NA	NA	NA	NA	NA	NA	NA	NA	NA
C389	1	0	0	1	1	1	1	1	1	1	1	0	1	1	1	1
C390	1	0	0	1	1	1	1	1	1	0	0	0	0	1	0	1
C391	NA	NA	NA	NA	NA	NA	NA	NA	NA	NA	NA	NA	NA	NA	NA	NA
C392	1	1	1	1	1	1	1	1	1	1	1	1	1	1	1	1
C393	1	1	1	1	1	1	1	1	1	0	0	0	0	1	0	1
C394	1	1	1	1	1	1	1	1	1	0	1	1	0	1	0	1
C395	1	0	0	1	1	1	1	1	1	0	0	0	0	1	0	1
C396	1	1	1	0	1	1	1	1	1	0	1	1	0	1	0	1
C397	1	1	1	1	1	1	1	1	1	1	1	0	1	1	1	1
C398	1	0	0	1	1	1	1	1	0	1	1	1	1	0	1	1
C399	1	1	1	1	1	1	1	1	1	0	1	1	0	1	0	1
C400	1	1	1	1	1	1	1	1	1	0	1	1	0	1	0	1
C401	1	0	0	1	1	1	1	1	1	0	0	0	0	1	0	1
C402	1	1	1	1	1	1	1	1	1	0	1	1	0	1	0	1
C403	1	1	1	1	1	1	1	1	1	1	1	0	1	1	1	1
C404	1	1	1	1	1	1	1	1	1	0	1	1	0	1	0	1
C405	1	0	0	1	1	1	1	1	1	0	0	0	0	1	0	1
C406	1	1	1	1	1	1	1	1	1	1	1	1	0	1	1	1
C407	1	0	0	1	1	1	1	1	1	0	0	0	0	1	0	1
C408	1	0	0	1	1	1	1	1	1	0	0	0	0	1	0	1
C409	1	0	0	1	1	1	1	1	1	1	1	0	1	1	1	1
C410	1	0	0	1	1	1	1	1	1	0	0	0	0	1	0	1
C411	1	1	1	1	1	1	1	1	1	0	1	0	1	1	1	1
C412	NA	NA	NA	NA	NA	NA	NA	NA	NA	NA	NA	NA	NA	NA	NA	NA
C413	1	1	1	1	1	1	1	1	1	0	0	0	0	1	0	1
C414	1	0	0	1	1	1	1	1	0	1	1	0	1	0	1	1
C415	1	0	0	1	1	1	1	1	1	0	0	0	0	1	0	1
C416	1	0	0	1	1	1	1	1	1	0	0	0	0	1	0	1
C417	1	1	1	0	1	1	1	1	1	0	1	1	0	1	0	1
C418	1	0	0	1	1	1	1	1	1	0	0	0	0	1	0	1
C419	1	1	1	1	1	1	1	1	1	0	1	1	0	1	0	1
C420	1	0	0	1	1	1	1	1	1	1	1	0	1	1	1	1
C421	1	1	1	1	1	1	1	1	1	0	1	1	0	1	0	1
C422	1	0	0	1	1	1	1	1	0	1	1	0	1	0	1	1
C423	1	1	1	1	1	1	1	1	1	1	1	0	1	1	1	1
C424	1	0	0	1	1	1	1	1	1	0	0	0	0	1	0	1
C425	1	1	1	0	1	1	1	1	1	0	1	1	0	1	0	1
C426	1	1	1	1	1	1	1	1	1	0	0	0	0	1	0	1
C427	1	1	1	1	1	1	1	1	1	0	0	0	0	1	0	1
C428	1	1	1	1	1	1	1	1	1	0	0	0	0	1	0	1
C429	1	0	0	1	1	1	1	1	1	0	0	0	0	1	0	1
C430	1	0	0	1	1	1	1	1	1	0	0	0	0	1	0	1
C431	1	0	0	1	1	1	1	1	1	1	1	0	1	1	1	1
C432	1	0	0	1	1	1	1	1	0	1	1	0	1	0	1	1
C433	1	1	1	1	1	1	1	1	1	0	1	1	0	1	0	1
C434	1	1	1	0	1	1	1	1	1	1	1	1	0	1	1	1
C435	1	0	0	1	1	1	1	1	1	0	0	0	0	1	0	1
C436	NA	NA	NA	NA	NA	NA	NA	NA	NA	NA	NA	NA	NA	NA	NA	NA
C437	NA	NA	NA	NA	NA	NA	NA	NA	NA	NA	NA	NA	NA	NA	NA	NA
C438	1	1	0	1	1	1	1	1	0	1	1	0	1	0	1	1
C439	1	1	1	1	1	1	1	1	1	0	0	0	0	1	0	1
C440	1	0	0	1	1	1	1	1	1	0	0	0	0	1	0	1
C441	1	1	1	1	1	1	1	1	1	1	1	0	1	1	1	1
C442	1	1	1	1	1	1	1	1	1	0	1	1	0	1	0	1
C443	1	1	1	1	1	1	1	1	1	1	1	0	1	1	1	1
C444	1	0	0	1	1	1	1	1	1	0	0	0	0	1	0	1
C445	1	1	1	1	1	1	1	1	1	1	1	1	1	1	1	1
C446	1	0	0	1	1	1	1	1	1	1	1	0	1	1	1	1
C447	1	0	0	1	1	1	1	1	1	1	1	0	1	1	1	1
C448	1	0	0	1	1	1	1	1	1	1	1	0	1	1	1	1
C449	1	1	1	1	1	1	1	1	1	1	1	1	1	1	1	1
C450	1	0	0	1	1	1	1	1	0	1	1	0	1	0	1	1
C451	1	0	0	1	1	1	1	1	1	0	0	0	0	1	0	1
C452	1	0	0	1	1	1	1	1	1	0	0	0	0	1	0	1
C453	1	0	0	1	1	1	1	1	1	0	0	0	0	1	0	1
C454	1	1	1	1	1	1	1	1	1	0	1	0	1	1	1	1
C455	1	0	0	1	1	1	1	1	1	0	0	0	0	1	0	1
C456	1	0	0	1	1	1	1	1	1	0	0	0	0	1	0	1
C457	1	1	1	0	1	1	1	1	1	1	1	1	0	1	0	1
C458	1	0	0	1	1	1	1	1	1	0	0	0	0	1	0	1
C459	1	0	0	1	1	1	1	1	1	0	0	0	0	1	0	1
C460	1	1	1	1	1	1	1	1	1	1	1	0	1	1	1	1
C461	NA	NA	NA	NA	NA	NA	NA	NA	NA	NA	NA	NA	NA	NA	NA	NA
C462	1	0	0	1	1	1	1	1	1	0	0	0	0	1	0	1
C463	1	1	1	0	1	1	1	1	1	0	1	1	0	1	0	1
C464	1	0	0	1	1	1	1	1	1	0	0	0	0	1	0	1
C465	1	0	0	1	1	1	1	1	1	0	0	0	0	1	0	1
C466	1	0	0	1	1	1	1	1	1	0	0	0	0	1	0	1
C467	1	0	0	1	1	1	1	1	1	0	0	0	0	1	0	1
C468	1	0	0	1	1	1	1	1	1	0	0	0	0	1	0	1
C469	1	1	1	1	1	1	1	1	1	0	0	0	0	1	0	1
C470	1	0	0	1	1	1	1	1	1	0	0	0	0	1	0	1
C471	1	1	1	1	1	1	1	1	1	1	1	1	0	1	1	1
C472	1	0	0	1	1	1	1	1	1	0	0	0	0	1	0	1
C473	1	1	1	1	1	1	1	1	1	0	0	0	0	1	0	1
C474	1	1	1	1	1	1	1	1	1	0	1	1	0	1	0	1
C475	1	0	0	1	1	1	1	1	1	0	0	0	0	1	0	1
C476	1	0	0	1	1	1	1	1	1	1	1	0	1	1	1	1
C477	1	0	0	1	1	1	1	1	1	0	0	0	0	1	0	1
C478	1	0	0	1	1	1	1	1	1	0	0	0	0	1	0	1
C479	1	0	0	1	1	1	1	1	1	1	1	0	1	1	1	1
C480	1	1	1	1	1	1	1	1	1	1	1	1	1	1	1	1
C481	1	0	0	1	1	1	1	1	1	0	0	0	0	1	0	1
C482	1	1	1	1	1	1	1	1	1	1	1	1	0	1	1	1
C483	1	0	0	1	1	1	1	1	1	1	1	0	1	1	1	1
C484	1	1	1	1	1	1	1	1	1	0	1	1	0	1	0	1
C485	1	0	0	1	1	1	1	1	1	0	0	0	0	1	0	1
C486	1	0	0	1	1	1	1	1	1	0	0	0	0	1	0	1
C487	1	0	0	1	1	1	1	1	1	1	1	1	0	1	1	1
C488	1	0	0	1	1	1	1	1	1	0	0	0	0	1	0	1
C489	1	0	0	1	1	1	1	1	1	0	0	0	0	1	0	1
C490	1	0	0	1	1	1	1	1	1	1	1	0	1	1	1	1
C491	NA	NA	NA	NA	NA	NA	NA	NA	NA	NA	NA	NA	NA	NA	NA	NA
C492	1	1	1	1	1	1	1	1	1	0	0	0	0	1	0	1
C493	1	0	0	1	1	1	1	1	1	1	1	0	1	1	1	1
C494	1	1	1	1	1	1	1	1	1	0	1	1	0	1	0	1
C495	1	0	0	1	1	1	1	1	1	0	0	0	0	1	0	1
C496	1	1	1	1	1	1	1	1	1	0	0	0	0	1	0	1
C497	1	0	0	1	1	1	1	1	1	1	1	0	1	1	1	1
C498	1	0	0	1	1	1	1	1	1	0	0	0	0	1	0	1
C499	1	0	0	1	1	1	1	1	1	0	0	0	0	1	0	1
C500	NA	NA	NA	NA	NA	NA	NA	NA	NA	NA	NA	NA	NA	NA	NA	NA
