ID	disease	lab_value	outcome
P001	1	-0.85	1
P002	1	-1.6	1
P003	1	-1.04	0
P004	1	-0.92	0
P005	1	-0.42	1
P006	1	-1.53	0
P007	1	0.48	1
P008	1	-1.88	0
P009	1	0.88	0
P010	1	-0.68	0
P011	1	-0.46	1
P012	1	-2.63	1
P013	1	1.76	0
P014	1	-0.09	1
P015	1	-0.67	0
P016	1	-0.17	1
P017	1	0.36	0
P018	1	-0.35	0
P019	1	-0.34	1
P020	1	-0.93	1
P021	1	0.5	0
P022	1	0.77	1
P023	1	-1.43	0
P024	1	-0.03	1
P025	1	0.1	1
P026	1	0.99	1
P027	1	-0.14	0
P028	1	1.07	0
P029	1	0.99	1
P030	1	-1	1
P031	1	0.35	0
P032	1	0.91	0
P033	1	0.73	1
P034	1	1.23	0
P035	1	-0.01	0
P036	1	-0.22	1
P037	1	-0.81	0
P038	1	-0.96	0
P039	1	-0.47	1
P040	1	-0.72	0
P041	1	1.02	1
P042	1	1.13	1
P043	1	0.86	0
P044	1	0.2	1
P045	1	1.29	1
P046	1	0.46	0
P047	1	-0.24	0
P048	1	-1.34	1
P049	1	-0.16	1
P050	1	-0.09	1
P051	1	-0.22	1
P052	1	0.74	0
P053	1	0.94	1
P054	1	-0.17	0
P055	1	1.28	0
P056	1	1	0
P057	1	0.29	1
P058	1	-1.38	1
P059	1	0.38	1
P060	1	0.5	1
P061	1	0.9	0
P062	1	-0.5	0
P063	1	1.38	0
P064	1	-0.98	1
P065	1	0.85	0
P066	1	0.45	1
P067	1	1.34	1
P068	1	0.29	0
P069	1	-1.21	0
P070	1	-0.02	1
P071	1	0.13	1
P072	1	0.61	1
P073	1	-2.58	1
P074	1	0.85	1
P075	1	-1.29	1
P076	1	-0.56	0
P077	1	-0.06	0
P078	1	1.71	1
P079	1	0.96	1
P080	1	0.09	1
P081	1	-1.48	0
P082	1	0.93	0
P083	1	-1.22	0
P084	1	-1.56	0
P085	1	2.57	0
P086	1	-0.41	1
P087	1	1.62	1
P088	1	-0.11	1
P089	1	0.15	1
P090	1	2.54	0
P091	1	-0.1	1
P092	1	1.89	0
P093	1	-0.76	0
P094	1	1.71	0
P095	1	-0.71	1
P096	1	-0.31	0
P097	1	-1.53	1
P098	1	0.69	0
P099	1	-0.73	0
P100	1	1.2	0
P101	1	0.03	0
P102	1	-0.24	1
P103	1	-0.01	1
P104	1	-0.56	1
P105	1	0.24	0
P106	1	-0.05	0
P107	1	-0.24	0
P108	1	-0.76	0
P109	1	-0.31	0
P110	1	-1.55	1
P111	1	-1.84	0
P112	1	-0.43	0
P113	1	2.03	0
P114	1	1.79	1
P115	1	-1.2	0
P116	1	0.43	0
P117	1	-0.49	1
P118	1	1.02	0
P119	1	-0.54	0
P120	1	0.02	1
P121	1	2.16	1
P122	1	0.64	1
P123	1	0.7	1
P124	1	-1.65	1
P125	1	-1.39	1
P126	1	0.19	1
P127	1	-0.56	1
P128	1	-0.16	1
P129	1	1.13	1
P130	1	0.17	0
P131	1	0.31	0
P132	1	3.24	1
P133	1	1.24	0
P134	1	1.21	1
P135	1	1.16	0
P136	1	-1.35	1
P137	1	0.52	0
P138	1	-1.1	0
P139	1	-1.15	0
P140	1	1.61	0
P141	1	-1.64	1
P142	1	1.17	1
P143	1	0.1	1
P144	1	0.58	0
P145	1	1.22	1
P146	1	1.2	1
P147	1	-0.09	1
P148	1	-0.01	1
P149	1	-1.73	0
P150	1	1.89	1
P151	1	-0.09	0
P152	1	0.89	1
P153	1	1.26	1
P154	1	1.32	1
P155	1	0.55	0
P156	1	0.02	0
P157	1	1.81	1
P158	1	-1.51	0
P159	1	1.03	1
P160	1	0.05	1
P161	1	0.13	0
P162	1	-0.74	0
P163	1	-0.88	1
P164	1	0.57	1
P165	1	0.47	0
P166	1	0.35	1
P167	1	-0.05	0
P168	1	0.28	0
P169	1	-1.51	1
P170	1	-0.55	1
P171	1	0.6	0
P172	1	-0.92	1
P173	1	0.06	0
P174	1	-0.53	1
P175	1	-0.28	1
P176	1	-0.36	1
P177	1	-0.34	1
P178	1	-0.93	0
P179	1	-0.4	0
P180	1	-0.03	1
P181	1	-0.04	0
P182	1	-0.31	1
P183	1	-1.69	1
P184	1	1.32	0
P185	1	-0.11	1
P186	1	-1.89	1
P187	1	1.03	1
P188	1	1.68	1
P189	1	-1.25	0
P190	1	-0.08	0
P191	1	1.22	0
P192	1	0.93	0
P193	1	-2.15	0
P194	1	1.21	1
P195	1	0.08	1
P196	1	-0.71	0
P197	1	-1.4	1
P198	1	-0.48	1
P199	1	-1.89	1
P200	1	-0.51	0
P201	1	-0.19	0
P202	1	-1.36	0
P203	1	-0.84	0
P204	1	1.25	1
P205	1	0.26	0
P206	1	-0.15	1
P207	1	0.24	0
P208	1	-1.57	1
P209	1	0.01	1
P210	1	0.88	0
P211	1	0.3	1
P212	1	-0.52	0
P213	1	0.86	1
P214	1	-1.04	0
P215	1	-1.88	1
P216	1	-1.86	1
P217	1	0.22	0
P218	1	0.12	1
P219	1	-0.12	0
P220	1	0.58	1
P221	1	0.35	0
P222	1	1.28	0
P223	1	0.1	0
P224	1	0.52	0
P225	1	-1.23	1
P226	1	0.71	0
P227	1	-0.42	1
P228	1	-0.18	1
P229	1	0.15	1
P230	1	0.27	0
P231	1	-0.77	1
P232	1	-0.43	1
P233	1	0.11	0
P234	1	-0.07	0
P235	1	2.39	0
P236	1	-1.55	1
P237	1	-0.08	1
P238	1	-0.07	1
P239	1	-0.45	0
P240	1	0.14	1
P241	1	-0.35	0
P242	1	-0.79	0
P243	1	1.53	1
P244	1	0.84	0
P245	1	1.96	0
P246	1	-0.15	1
P247	1	1.12	0
P248	1	0.28	1
P249	1	-0.6	1
P250	1	0.01	0
P251	1	2.36	0
P252	1	0.67	0
P253	1	-0.46	0
P254	1	0.39	0
P255	1	0.94	0
P256	1	-1.03	0
P257	1	-0.66	0
P258	1	-0.59	1
P259	1	-1.04	0
P260	1	-0.33	0
P261	1	-0.49	0
P262	1	0.45	0
P263	1	0.46	0
P264	1	-0.1	0
P265	1	-1.74	0
P266	1	0.66	1
P267	1	0.24	0
P268	1	1.79	1
P269	1	1.24	0
P270	1	-0.32	1
P271	1	0.29	0
P272	1	-0.88	0
P273	1	0.65	1
P274	1	-0.07	0
P275	1	1.61	1
P276	1	1.39	0
P277	1	-0.47	1
P278	1	-0.72	0
P279	1	0.87	1
P280	1	0.3	0
P281	1	1.75	1
P282	1	-0.7	0
P283	1	0.35	0
P284	1	-0.63	0
P285	1	0.07	0
P286	1	-1.82	0
P287	1	-0.28	1
P288	1	0.5	1
P289	1	-2.45	1
P290	1	1.88	0
P291	1	-0.83	1
P292	1	-0.48	1
P293	1	-0.35	1
P294	1	-0.7	1
P295	1	-0.19	1
P296	1	-0.88	1
P297	1	0.59	0
P298	1	-0.97	0
P299	1	0.63	0
P300	1	-0.71	1
P301	1	-1.17	0
P302	1	0.32	1
P303	1	-0.84	0
P304	1	1.17	0
P305	1	2.28	1
P306	1	0.87	0
P307	1	0.56	0
P308	1	-0.23	0
P309	1	0.36	0
P310	1	0.65	1
P311	1	1.06	1
P312	1	-0.26	0
P313	1	-0.2	1
P314	1	0.27	0
P315	1	0.24	1
P316	1	0.58	1
P317	1	-0.23	1
P318	1	-0.86	0
P319	1	-0.04	0
P320	1	-0.94	1
P321	1	0.37	1
P322	1	0.12	0
P323	1	-1.15	1
P324	1	0.02	1
P325	1	0.39	1
P326	1	-0.93	0
P327	1	0.72	0
P328	1	0.84	0
P329	1	0.68	1
P330	1	0	0
P331	1	2.14	0
P332	1	0.15	0
P333	1	0.6	1
P334	1	0.04	0
P335	1	-1.88	0
P336	1	-0.17	0
P337	1	1.73	1
P338	1	-2.2	0
P339	1	0.37	1
P340	1	1.17	1
P341	1	1.92	1
P342	1	-1.51	0
P343	1	-1.64	1
P344	1	0.29	1
P345	1	0.84	1
P346	1	0.05	1
P347	1	-0.38	0
P348	1	1.49	0
P349	1	1.11	0
P350	1	0.6	1
P351	1	0.17	0
P352	1	-0.33	0
P353	1	1.05	0
P354	1	1.45	1
P355	1	0.21	0
P356	1	-0.84	0
P357	1	-0.44	1
P358	1	-0.71	1
P359	1	-0.51	1
P360	1	-1.28	1
P361	1	-1.19	1
P362	1	-0.64	1
P363	1	-0.33	1
P364	1	-1.84	0
P365	1	0.22	1
P366	1	0.74	0
P367	1	0.07	0
P368	1	-0.55	0
P369	1	-0.02	0
P370	1	-1.11	0
P371	1	-0.23	1
P372	1	0.11	1
P373	1	-0.29	0
P374	1	-0.46	0
P375	1	-0.67	0
P376	1	-0.69	0
P377	1	-0.49	1
P378	1	-1.06	1
P379	1	0.24	1
P380	1	0.31	0
P381	1	-0.95	1
P382	1	-0.99	0
P383	1	1.94	0
P384	1	1.46	1
P385	1	-1.24	1
P386	1	-0.14	0
P387	1	-0.96	0
P388	1	-2.08	0
P389	1	-0.06	0
P390	1	0.08	1
P391	1	-0.69	0
P392	1	0.21	0
P393	1	0.69	0
P394	1	-1.64	0
P395	1	-0.67	1
P396	1	0.3	0
P397	1	2.76	0
P398	1	0.01	1
P399	1	0.28	1
P400	1	0.85	1
P401	1	0.52	1
P402	1	0.43	0
P403	1	0.61	1
P404	1	-0.62	0
P405	1	0.02	0
P406	1	-1.55	0
P407	1	1.43	0
P408	1	2.1	1
P409	1	-1.38	0
P410	1	-0.35	0
P411	1	1.18	0
P412	1	1.12	0
P413	1	0.04	1
P414	1	-2.18	0
P415	1	-0.37	0
P416	1	0.08	0
P417	1	0.16	0
P418	1	-0.56	0
P419	1	-0.69	0
P420	1	1.01	0
P421	1	0.12	0
P422	1	-0.38	1
P423	1	-0.53	1
P424	1	1.11	0
P425	1	0.75	1
P426	1	-1.15	0
P427	1	-2.19	1
P428	1	-0.04	1
P429	1	0.18	1
P430	1	0.68	1
P431	1	-0.43	0
P432	1	0.23	1
P433	1	0.15	0
P434	1	-0.96	1
P435	1	1.4	1
P436	1	0.2	1
P437	1	-2.43	0
P438	1	-0.05	0
P439	1	0.45	1
P440	1	-0.62	0
P441	1	-0.43	1
P442	1	1.65	0
P443	1	-0.95	0
P444	1	0.52	0
P445	1	-1.89	1
P446	1	-0.68	1
P447	1	-0.74	0
P448	1	-0.9	0
P449	1	-0.8	1
P450	1	0.03	0
P451	1	-0.59	1
P452	1	0.51	1
P453	1	-2.07	0
P454	1	-0.74	0
P455	1	1.41	1
P456	1	0.09	0
P457	1	-0.69	0
P458	1	0.84	0
P459	1	-0.76	0
P460	1	1.1	0
P461	1	0.41	0
P462	1	0.92	1
P463	1	-0.4	0
P464	1	0.15	0
P465	1	0.18	1
P466	1	0.5	1
P467	1	0.26	0
P468	1	0.68	0
P469	1	-1.34	0
P470	1	-0.53	0
P471	1	0.14	1
P472	1	-0.42	0
P473	1	-1.12	0
P474	1	-0.49	0
P475	1	-0.01	0
P476	1	-1.55	1
P477	1	-0.73	1
P478	1	0.53	0
P479	1	0.42	1
P480	1	0.58	1
P481	1	-2.31	1
P482	1	1.14	0
P483	1	-1.05	1
P484	1	0.03	0
P485	1	-1.11	0
P486	1	-0.83	1
P487	1	0.05	1
P488	1	-1.52	1
P489	1	-3.12	1
P490	1	0.68	1
P491	1	-0.99	0
P492	1	-0.2	0
P493	1	-1.55	0
P494	1	1.47	0
P495	1	-1.66	1
P496	1	0.8	0
P497	1	0.67	0
P498	1	-1.11	1
P499	1	0.79	1
P500	1	-0.46	0
C001	0	1.34	NA
C002	0	1.85	NA
C003	0	0.27	NA
C004	0	1.42	NA
C005	0	-0.47	NA
C006	0	1.07	NA
C007	0	-0.01	NA
C008	0	0.84	NA
C009	0	-0.56	NA
C010	0	-0.52	NA
C011	0	0.25	NA
C012	0	-0.34	NA
C013	0	0.93	NA
C014	0	0.68	NA
C015	0	-1.04	NA
C016	0	0.28	NA
C017	0	-1.87	NA
C018	0	-1.5	NA
C019	0	1.85	NA
C020	0	-1.6	NA
C021	0	0.36	NA
C022	0	0.23	NA
C023	0	0.41	NA
C024	0	0.03	NA
C025	0	0.79	NA
C026	0	0.14	NA
C027	0	0.2	NA
C028	0	0.09	NA
C029	0	-0.53	NA
C030	0	-0.52	NA
C031	0	0.55	NA
C032	0	0.93	NA
C033	0	0.59	NA
C034	0	0.19	NA
C035	0	0.95	NA
C036	0	0.8	NA
C037	0	0.95	NA
C038	0	0.36	NA
C039	0	-0.54	NA
C040	0	-0.67	NA
C041	0	0.68	NA
C042	0	0.52	NA
C043	0	-1.62	NA
C044	0	0.78	NA
C045	0	-0.2	NA
C046	0	-1.34	NA
C047	0	0.73	NA
C048	0	-1.24	NA
C049	0	1.9	NA
C050	0	-1.07	NA
C051	0	-0.39	NA
C052	0	1.22	NA
C053	0	0.02	NA
C054	0	-0.08	NA
C055	0	0.52	NA
C056	0	-0.02	NA
C057	0	-0.32	NA
C058	0	0.06	NA
C059	0	-0.07	NA
C060	0	0.45	NA
C061	0	1.53	NA
C062	0	-0.01	NA
C063	0	0.88	NA
C064	0	0.5	NA
C065	0	0.09	NA
C066	0	0.62	NA
C067	0	-0.72	NA
C068	0	1.69	NA
C069	0	0.1	NA
C070	0	1.41	NA
C071	0	0.83	NA
C072	0	-1.02	NA
C073	0	-0.71	NA
C074	0	-0.32	NA
C075	0	-0.47	NA
C076	0	0.33	NA
C077	0	0.45	NA
C078	0	-1.64	NA
C079	0	-0.19	NA
C080	0	-0.96	NA
C081	0	0.25	NA
C082	0	-0.45	NA
C083	0	-0.79	NA
C084	0	0.76	NA
C085	0	-0.64	NA
C086	0	-0.47	NA
C087	0	-1.22	NA
C088	0	-1.21	NA
C089	0	-0.11	NA
C090	0	0.33	NA
C091	0	1.14	NA
C092	0	1.17	NA
C093	0	-0.53	NA
C094	0	0.85	NA
C095	0	-1.91	NA
C096	0	0.43	NA
C097	0	1.16	NA
C098	0	0.29	NA
C099	0	0.58	NA
C100	0	-0.59	NA
C101	0	-0.12	NA
C102	0	-0.78	NA
C103	0	0.56	NA
C104	0	2	NA
C105	0	-0.03	NA
C106	0	-0.92	NA
C107	0	1.23	NA
C108	0	0.71	NA
C109	0	-1.09	NA
C110	0	-0.69	NA
C111	0	-0.21	NA
C112	0	1.56	NA
C113	0	2.1	NA
C114	0	-0.6	NA
C115	0	0.02	NA
C116	0	-1.28	NA
C117	0	-0.17	NA
C118	0	-0.8	NA
C119	0	-0.35	NA
C120	0	0.57	NA
C121	0	-0.96	NA
C122	0	0.87	NA
C123	0	0.44	NA
C124	0	-0.44	NA
C125	0	-1.21	NA
C126	0	-1.95	NA
C127	0	-0.23	NA
C128	0	-0.55	NA
C129	0	-0.52	NA
C130	0	-0.62	NA
C131	0	0.42	NA
C132	0	-0.51	NA
C133	0	-0.22	NA
C134	0	-1.67	NA
C135	0	-0.39	NA
C136	0	1.93	NA
C137	0	-1.58	NA
C138	0	0.17	NA
C139	0	-0.31	NA
C140	0	0.35	NA
C141	0	0.16	NA
C142	0	-0.58	NA
C143	0	-0.69	NA
C144	0	0.21	NA
C145	0	1.17	NA
C146	0	-0.61	NA
C147	0	0.28	NA
C148	0	-0.32	NA
C149	0	0.86	NA
C150	0	-0.48	NA
C151	0	1.5	NA
C152	0	-1.13	NA
C153	0	0.14	NA
C154	0	-0.77	NA
C155	0	-0.46	NA
C156	0	-0.07	NA
C157	0	-1.69	NA
C158	0	2.05	NA
C159	0	-0.84	NA
C160	0	0.76	NA
C161	0	0.49	NA
C162	0	-0.83	NA
C163	0	0.43	NA
C164	0	-0.29	NA
C165	0	-1.89	NA
C166	0	1.6	NA
C167	0	-0.14	NA
C168	0	-1.86	NA
C169	0	0.06	NA
C170	0	0.01	NA
C171	0	-0.48	NA
C172	0	0.18	NA
C173	0	-0.24	NA
C174	0	-0.42	NA
C175	0	-0.48	NA
C176	0	-0.87	NA
C177	0	0.33	NA
C178	0	1.21	NA
C179	0	-0.88	NA
C180	0	-2.19	NA
C181	0	0.56	NA
C182	0	1.1	NA
C183	0	-0.73	NA
C184	0	0.21	NA
C185	0	0.29	NA
C186	0	0.9	NA
C187	0	-0.25	NA
C188	0	0.13	NA
C189	0	0.63	NA
C190	0	0.19	NA
C191	0	-1.07	NA
C192	0	2.44	NA
C193	0	1.22	NA
C194	0	-0.93	NA
C195	0	-1.98	NA
C196	0	0.64	NA
C197	0	-0.27	NA
C198	0	-0.6	NA
C199	0	2.06	NA
C200	0	1.09	NA
C201	0	-1.36	NA
C202	0	-0.1	NA
C203	0	-0.43	NA
C204	0	-0.77	NA
C205	0	-0.03	NA
C206	0	-0.5	NA
C207	0	-0.56	NA
C208	0	0.05	NA
C209	0	0.1	NA
C210	0	-0.67	NA
C211	0	0.58	NA
C212	0	0.25	NA
C213	0	-1.24	NA
C214	0	-0.53	NA
C215	0	0.39	NA
C216	0	-0.15	NA
C217	0	1.44	NA
C218	0	0.71	NA
C219	0	0.03	NA
C220	0	1.97	NA
C221	0	-0.17	NA
C222	0	0.56	NA
C223	0	0.64	NA
C224	0	1.35	NA
C225	0	1.23	NA
C226	0	0	NA
C227	0	-0.19	NA
C228	0	0.26	NA
C229	0	-0.88	NA
C230	0	-1.42	NA
C231	0	1.59	NA
C232	0	1.43	NA
C233	0	-2	NA
C234	0	-0.2	NA
C235	0	-0.09	NA
C236	0	-0.46	NA
C237	0	1.55	NA
C238	0	-0.92	NA
C239	0	-0.65	NA
C240	0	-0.14	NA
C241	0	1	NA
C242	0	0.64	NA
C243	0	-0.93	NA
C244	0	1.79	NA
C245	0	-0.17	NA
C246	0	0.49	NA
C247	0	-0.66	NA
C248	0	0.42	NA
C249	0	0.95	NA
C250	0	1.56	NA
C251	0	1.93	NA
C252	0	1.04	NA
C253	0	0.31	NA
C254	0	0.07	NA
C255	0	1.54	NA
C256	0	0.18	NA
C257	0	-0.66	NA
C258	0	-1.6	NA
C259	0	0.19	NA
C260	0	-0.41	NA
C261	0	1.48	NA
C262	0	1.16	NA
C263	0	-0.63	NA
C264	0	0.15	NA
C265	0	-0.68	NA
C266	0	-0.05	NA
C267	0	-0.06	NA
C268	0	0.87	NA
C269	0	1.28	NA
C270	0	-1.38	NA
C271	0	0.12	NA
C272	0	-0.9	NA
C273	0	0.69	NA
C274	0	0.32	NA
C275	0	0.03	NA
C276	0	0.56	NA
C277	0	-0.18	NA
C278	0	0.87	NA
C279	0	-2.22	NA
C280	0	-0.33	NA
C281	0	-1.14	NA
C282	0	0.96	NA
C283	0	0.13	NA
C284	0	-0.39	NA
C285	0	0.89	NA
C286	0	1.42	NA
C287	0	0.37	NA
C288	0	0.67	NA
C289	0	1.76	NA
C290	0	-1.26	NA
C291	0	0.13	NA
C292	0	0.87	NA
C293	0	0.61	NA
C294	0	1.49	NA
C295	0	0.76	NA
C296	0	0.34	NA
C297	0	-1.05	NA
C298	0	0.88	NA
C299	0	0.27	NA
C300	0	-0.51	NA
C301	0	-0.22	NA
C302	0	-0.02	NA
C303	0	0.37	NA
C304	0	0.3	NA
C305	0	1.42	NA
C306	0	-0.9	NA
C307	0	0.06	NA
C308	0	0.26	NA
C309	0	0.2	NA
C310	0	-0.06	NA
C311	0	1.44	NA
C312	0	0.53	NA
C313	0	-0.76	NA
C314	0	-0.96	NA
C315	0	1.92	NA
C316	0	0.72	NA
C317	0	0.02	NA
C318	0	0.33	NA
C319	0	0.83	NA
C320	0	1.27	NA
C321	0	-1.12	NA
C322	0	1.42	NA
C323	0	-1.41	NA
C324	0	0.4	NA
C325	0	1.46	NA
C326	0	-1.33	NA
C327	0	0.22	NA
C328	0	-0.19	NA
C329	0	0.11	NA
C330	0	0.99	NA
C331	0	-0.61	NA
C332	0	-0.87	NA
C333	0	-0.08	NA
C334	0	-0.18	NA
C335	0	1.25	NA
C336	0	0.33	NA
C337	0	1.53	NA
C338	0	0.22	NA
C339	0	0.65	NA
C340	0	0.26	NA
C341	0	-0.34	NA
C342	0	1.26	NA
C343	0	2.2	NA
C344	0	-0.8	NA
C345	0	-0.86	NA
C346	0	1.25	NA
C347	0	-0.45	NA
C348	0	-1.69	NA
C349	0	-1.68	NA
C350	0	1.04	NA
C351	0	-0.39	NA
C352	0	-0.95	NA
C353	0	0.31	NA
C354	0	-0.54	NA
C355	0	0.71	NA
C356	0	1.05	NA
C357	0	-1.29	NA
C358	0	-0.89	NA
C359	0	1.6	NA
C360	0	0.92	NA
C361	0	0.94	NA
C362	0	-0.05	NA
C363	0	1.47	NA
C364	0	0.28	NA
C365	0	-0.38	NA
C366	0	0.37	NA
C367	0	1.54	NA
C368	0	0.44	NA
C369	0	-0.57	NA
C370	0	-1.54	NA
C371	0	-1.2	NA
C372	0	0.35	NA
C373	0	-0.71	NA
C374	0	-0.26	NA
C375	0	-0.51	NA
C376	0	-0.3	NA
C377	0	0.71	NA
C378	0	-0.97	NA
C379	0	2.13	NA
C380	0	1.19	NA
C381	0	-0.68	NA
C382	0	0.57	NA
C383	0	0.38	NA
C384	0	-0.17	NA
C385	0	-1.01	NA
C386	0	-1.38	NA
C387	0	-1.08	NA
C388	0	-1.03	NA
C389	0	-1.43	NA
C390	0	0.53	NA
C391	0	1.13	NA
C392	0	0.05	NA
C393	0	1.13	NA
C394	0	-0.28	NA
C395	0	-1.68	NA
C396	0	-0.77	NA
C397	0	0.6	NA
C398	0	0.3	NA
C399	0	-1.06	NA
C400	0	-0.51	NA
C401	0	0.33	NA
C402	0	1.02	NA
C403	0	0.27	NA
C404	0	0.56	NA
C405	0	-1.81	NA
C406	0	-1.4	NA
C407	0	-1.15	NA
C408	0	-0.64	NA
C409	0	-0.67	NA
C410	0	0.74	NA
C411	0	-0.45	NA
C412	0	-0.05	NA
C413	0	-0.37	NA
C414	0	-1.27	NA
C415	0	-0.47	NA
C416	0	-1.15	NA
C417	0	0.23	NA
C418	0	-0.38	NA
C419	0	0.56	NA
C420	0	0.58	NA
C421	0	-0.67	NA
C422	0	0.94	NA
C423	0	-0.37	NA
C424	0	-0.38	NA
C425	0	1.43	NA
C426	0	1.02	NA
C427	0	0.54	NA
C428	0	0.2	NA
C429	0	-0.23	NA
C430	0	-0.05	NA
C431	0	0.91	NA
C432	0	0.31	NA
C433	0	0.32	NA
C434	0	-0.22	NA
C435	0	-0.41	NA
C436	0	0.68	NA
C437	0	0.41	NA
C438	0	-1.29	NA
C439	0	-0.58	NA
C440	0	0.64	NA
C441	0	0.14	NA
C442	0	0.88	NA
C443	0	0.74	NA
C444	0	-0.86	NA
C445	0	1.6	NA
C446	0	0.57	NA
C447	0	-1.8	NA
C448	0	1.58	NA
C449	0	0.31	NA
C450	0	-0.75	NA
C451	0	0.55	NA
C452	0	0.58	NA
C453	0	-0.96	NA
C454	0	-2.31	NA
C455	0	-2	NA
C456	0	-0.98	NA
C457	0	-1.05	NA
C458	0	-0.43	NA
C459	0	-0.48	NA
C460	0	-0.57	NA
C461	0	0.11	NA
C462	0	-1.95	NA
C463	0	-0.44	NA
C464	0	0.45	NA
C465	0	0.6	NA
C466	0	-1.26	NA
C467	0	-0.37	NA
C468	0	-0.82	NA
C469	0	-0.53	NA
C470	0	1.1	NA
C471	0	-0.12	NA
C472	0	0.83	NA
C473	0	-0.59	NA
C474	0	0.58	NA
C475	0	0.99	NA
C476	0	-1.28	NA
C477	0	-1.06	NA
C478	0	-0.68	NA
C479	0	0.24	NA
C480	0	-1.24	NA
C481	0	-1.6	NA
C482	0	1.62	NA
C483	0	-0.31	NA
C484	0	0.76	NA
C485	0	0.63	NA
C486	0	-0.51	NA
C487	0	0.95	NA
C488	0	0	NA
C489	0	-1.95	NA
C490	0	-1.29	NA
C491	0	-1.63	NA
C492	0	0.22	NA
C493	0	0.87	NA
C494	0	-0.61	NA
C495	0	0.54	NA
C496	0	-0.05	NA
C497	0	-1.31	NA
C498	0	-0.64	NA
C499	0	0.21	NA
C500	0	0.45	NA
